set([3, 4, 5, 6])
set([3, 4, 5, 6, 7, 8, 9, 11, 12, 15])
set([33, 3, 4, 5, 6, 7, 8, 9, 42, 11, 12, 15, 16, 17, 18, 20, 21, 24, 29, 30])
set([3, 4, 5, 6, 8, 9, 10, 13, 14, 18])
set([32, 3, 4, 5, 6, 39, 8, 9, 10, 13, 14, 15, 16, 17, 18, 20, 21, 25, 27, 28])
set([3, 4, 5, 6, 9, 10, 11, 15, 16, 21])
set([3, 4, 5, 6, 10, 11, 12, 17, 18, 24])
set([32, 3, 4, 5, 6, 10, 11, 12, 14, 15, 16, 17, 18, 21, 22, 24, 25, 26, 28, 36])
set([3, 4, 5, 6, 11, 12, 13, 19, 20, 27])
set([33, 3, 4, 5, 6, 11, 12, 13, 14, 15, 16, 19, 20, 22, 23, 25, 26, 27, 30, 36])
set([3, 4, 5, 6, 12, 13, 14, 21, 22, 30])
set([33, 3, 4, 5, 6, 13, 14, 15, 23, 24])
set([3, 4, 5, 6, 14, 15, 16, 25, 26, 36])
set([9, 3, 5, 7])
set([3, 5, 7, 8, 9, 10, 12, 13, 15, 18])
set([3, 5, 7, 9, 10, 12, 14, 17, 19, 24])
set([3, 5, 7, 9, 11, 13, 15, 19, 21, 27])
set([3, 5, 7, 9, 12, 14, 16, 21, 23, 30])
set([33, 3, 5, 7, 9, 13, 15, 17, 23, 25])
set([3, 36, 5, 7, 9, 14, 16, 18, 25, 27])
set([9, 3, 12, 6])
set([3, 6, 7, 9, 10, 11, 12, 13, 14, 15])
set([3, 6, 8, 9, 11, 12, 13, 14, 16, 18])
set([3, 6, 9, 10, 12, 13, 16, 17, 20, 24])
set([3, 6, 9, 11, 12, 14, 17, 19, 22, 27])
set([33, 3, 6, 9, 12, 13, 16, 19, 23, 26])
set([33, 34, 3, 36, 6, 9, 12, 13, 14, 16, 17, 19, 20, 23, 24, 25, 26, 27, 28, 35])
set([3, 36, 6, 9, 12, 14, 17, 20, 25, 28])
set([11, 15, 3, 7])
set([3, 7, 8, 11, 12, 13, 15, 16, 17, 18])
set([3, 7, 10, 11, 14, 15, 17, 18, 21, 24])
set([3, 7, 11, 12, 15, 16, 20, 21, 25, 30])
set([33, 3, 7, 11, 13, 15, 17, 21, 23, 27])
set([33, 34, 3, 36, 7, 11, 13, 14, 15, 17, 18, 35, 21, 22, 23, 24, 25, 27, 28, 29])
set([3, 36, 7, 11, 14, 15, 18, 22, 25, 29])
set([8, 18, 3, 13])
set([3, 8, 9, 13, 14, 15, 18, 19, 20, 21])
set([3, 8, 10, 13, 15, 17, 18, 20, 22, 24])
set([3, 8, 11, 13, 16, 18, 19, 21, 24, 27])
set([3, 8, 12, 13, 17, 18, 21, 22, 26, 30])
set([3, 36, 8, 13, 14, 18, 19, 24, 25, 30])
set([9, 3, 21, 15])
set([3, 9, 10, 15, 16, 17, 21, 22, 23, 24])
set([3, 9, 11, 15, 17, 19, 21, 23, 25, 27])
set([33, 3, 9, 13, 15, 19, 21, 23, 25, 29])
set([3, 36, 9, 14, 15, 20, 21, 25, 26, 31])
set([24, 17, 10, 3])
set([3, 10, 11, 17, 18, 19, 24, 25, 26, 27])
set([3, 10, 12, 17, 19, 21, 24, 26, 28, 30])
set([33, 3, 10, 13, 17, 20, 23, 24, 27, 30])
set([32, 3, 36, 10, 14, 17, 21, 24, 25, 28])
set([11, 19, 3, 27])
set([3, 11, 12, 19, 20, 21, 27, 28, 29, 30])
set([33, 3, 11, 13, 19, 21, 23, 27, 29, 31])
set([33, 3, 36, 11, 14, 19, 22, 25, 27, 30])
set([3, 12, 21, 30])
set([32, 33, 3, 12, 13, 21, 22, 23, 30, 31])
set([32, 34, 3, 36, 12, 14, 21, 23, 25, 30])
set([33, 3, 13, 23])
set([33, 34, 3, 36, 13, 14, 35, 23, 24, 25])
set([25, 3, 36, 14])
12
