set([3, 4, 5, 6])
set([3, 4, 5, 6, 7, 8, 9, 11, 12, 15])
set([33, 3, 4, 5, 6, 7, 8, 9, 42, 11, 12, 15, 16, 17, 18, 20, 21, 24, 29, 30])
set([3, 4, 5, 6, 7, 8, 9, 11, 12, 15, 16, 17, 18, 20, 21, 24, 29, 30, 33, 35, 36, 37, 39, 40, 42, 43, 48, 49, 52, 61, 67, 68, 71, 80, 99])
set([32, 35, 3, 4, 5, 6, 7, 8, 9, 11, 12, 45, 15, 17, 18, 19, 21, 22, 25, 31])
set([33, 34, 3, 4, 5, 6, 7, 8, 9, 11, 12, 15, 48, 18, 19, 20, 22, 23, 26, 37])
set([3, 4, 5, 6, 7, 8, 9, 11, 12, 15, 18, 19, 20, 22, 23, 26, 27, 28, 29, 31, 32, 33, 34, 35, 37, 42, 43, 46, 48, 51, 52, 55, 57, 66, 75])
set([35, 3, 4, 5, 6, 7, 8, 9, 11, 12, 15, 19, 20, 21, 23, 24, 36, 27, 39, 51])
set([3, 4, 5, 6, 7, 8, 9, 11, 12, 54, 15, 20, 21, 22, 41, 24, 25, 38, 28, 37])
set([3, 4, 5, 6, 7, 8, 9, 57, 11, 12, 15, 40, 43, 21, 22, 23, 25, 26, 29, 39])
set([3, 4, 5, 6, 7, 8, 41, 42, 11, 12, 45, 15, 9, 22, 23, 24, 26, 27, 60, 30])
set([3, 4, 5, 6, 7, 8, 9, 63, 11, 12, 15, 44, 43, 47, 23, 24, 25, 27, 28, 31])
set([32, 66, 3, 4, 5, 6, 7, 8, 9, 11, 12, 45, 46, 15, 49, 24, 25, 26, 28, 29])
set([33, 3, 4, 5, 6, 7, 8, 9, 11, 12, 15, 47, 48, 51, 25, 26, 27, 29, 30, 69])
set([34, 3, 4, 5, 6, 7, 8, 9, 11, 12, 15, 49, 50, 53, 72, 26, 27, 28, 30, 31])
set([32, 35, 3, 4, 5, 6, 7, 8, 9, 11, 12, 15, 75, 51, 52, 55, 27, 28, 29, 31])
set([3, 4, 5, 6, 8, 9, 10, 13, 14, 18])
set([32, 3, 4, 5, 6, 39, 8, 9, 10, 13, 14, 15, 16, 17, 18, 20, 21, 25, 27, 28])
set([35, 3, 4, 5, 6, 8, 9, 10, 13, 14, 40, 18, 19, 20, 21, 24, 25, 51, 29, 36])
set([3, 4, 5, 6, 54, 8, 9, 10, 13, 14, 18, 20, 21, 22, 25, 26, 38, 42, 30, 37])
set([3, 4, 5, 6, 39, 8, 9, 10, 44, 13, 14, 40, 18, 21, 22, 23, 57, 26, 27, 31])
set([32, 3, 4, 5, 6, 8, 9, 10, 46, 13, 14, 60, 18, 41, 22, 23, 24, 27, 28, 42])
set([33, 3, 4, 5, 6, 8, 9, 10, 43, 44, 13, 14, 48, 18, 23, 24, 25, 28, 29, 63])
set([34, 3, 4, 5, 6, 8, 9, 10, 13, 14, 45, 50, 18, 66, 46, 24, 25, 26, 29, 30])
set([3, 4, 5, 6, 8, 9, 10, 13, 14, 47, 48, 18, 35, 52, 69, 25, 26, 27, 30, 31])
set([32, 18, 3, 4, 5, 6, 8, 9, 10, 13, 14, 49, 50, 54, 72, 36, 26, 27, 28, 31])
set([32, 33, 3, 4, 5, 6, 8, 9, 10, 75, 13, 14, 18, 51, 52, 56, 27, 28, 29, 37])
set([3, 4, 5, 6, 9, 10, 11, 15, 16, 21])
set([32, 3, 4, 5, 6, 9, 10, 11, 45, 15, 16, 17, 18, 19, 21, 23, 24, 37, 29, 31])
set([48, 33, 34, 3, 4, 5, 6, 39, 9, 10, 11, 15, 16, 18, 19, 20, 21, 24, 25, 30])
set([34, 3, 4, 5, 6, 9, 10, 11, 60, 15, 16, 42, 41, 22, 23, 24, 47, 28, 29, 21])
set([16, 3, 4, 5, 6, 9, 10, 43, 44, 15, 11, 49, 35, 21, 23, 24, 25, 29, 30, 63])
set([66, 3, 4, 5, 6, 9, 10, 11, 45, 46, 15, 16, 51, 21, 24, 25, 26, 36, 30, 31])
set([32, 16, 3, 4, 5, 6, 48, 9, 10, 11, 15, 27, 53, 21, 25, 26, 47, 37, 69, 31])
set([32, 33, 3, 4, 5, 6, 38, 9, 10, 11, 15, 16, 49, 50, 21, 55, 72, 26, 27, 28])
set([33, 34, 3, 4, 5, 6, 39, 9, 10, 11, 15, 16, 75, 51, 52, 21, 57, 27, 28, 29])
set([3, 4, 5, 6, 10, 11, 12, 17, 18, 24])
set([32, 3, 4, 5, 6, 10, 11, 12, 14, 15, 16, 17, 18, 21, 22, 24, 25, 26, 28, 36])
set([35, 3, 4, 5, 6, 33, 10, 11, 12, 17, 18, 19, 20, 21, 24, 36, 26, 27, 42, 51])
set([34, 3, 4, 5, 6, 38, 44, 10, 11, 12, 54, 17, 18, 20, 21, 22, 24, 27, 28, 37])
set([3, 4, 5, 6, 39, 40, 10, 11, 12, 46, 17, 18, 35, 21, 22, 23, 24, 57, 28, 29])
set([32, 33, 3, 4, 5, 6, 39, 10, 11, 12, 47, 48, 17, 18, 54, 24, 25, 26, 27, 69])
set([33, 34, 3, 4, 5, 6, 49, 40, 10, 11, 12, 50, 17, 18, 56, 24, 72, 26, 27, 28])
set([35, 34, 3, 4, 5, 6, 75, 41, 10, 11, 12, 17, 18, 51, 52, 24, 58, 27, 28, 29])
set([3, 4, 5, 6, 11, 12, 13, 19, 20, 27])
set([33, 3, 4, 5, 6, 11, 12, 13, 14, 15, 16, 19, 20, 22, 23, 25, 26, 27, 30, 36])
set([32, 3, 4, 5, 6, 42, 11, 12, 13, 16, 17, 18, 19, 20, 24, 25, 27, 29, 30, 37])
set([3, 4, 5, 6, 39, 40, 11, 12, 13, 47, 19, 20, 21, 22, 23, 57, 27, 29, 30, 37])
set([3, 4, 5, 6, 38, 41, 42, 11, 12, 13, 49, 19, 20, 22, 23, 24, 27, 60, 30, 31])
set([32, 51, 3, 4, 5, 6, 39, 44, 11, 12, 13, 63, 43, 19, 20, 23, 24, 25, 27, 31])
set([32, 33, 66, 3, 4, 5, 6, 40, 11, 12, 45, 46, 13, 19, 20, 53, 24, 25, 26, 27])
set([3, 4, 5, 6, 12, 13, 14, 21, 22, 30])
set([33, 3, 4, 5, 6, 39, 12, 13, 14, 15, 16, 17, 21, 22, 24, 25, 27, 28, 30, 36])
set([32, 35, 3, 4, 5, 6, 40, 12, 13, 14, 45, 17, 18, 19, 21, 22, 26, 27, 30, 31])
set([33, 34, 3, 4, 5, 6, 42, 12, 13, 14, 48, 18, 19, 20, 21, 22, 36, 27, 28, 30])
set([32, 33, 3, 4, 5, 6, 44, 41, 43, 12, 13, 14, 52, 21, 22, 23, 24, 25, 30, 63])
set([33, 34, 3, 4, 5, 6, 42, 46, 12, 13, 14, 45, 66, 21, 22, 24, 25, 26, 54, 30])
set([34, 3, 4, 5, 6, 43, 12, 13, 14, 47, 48, 35, 21, 22, 56, 25, 26, 27, 30, 69])
set([3, 4, 5, 6, 72, 44, 12, 13, 14, 49, 50, 35, 21, 22, 36, 26, 27, 28, 58, 30])
set([3, 4, 5, 6, 60, 75, 12, 13, 14, 45, 51, 52, 21, 22, 36, 27, 28, 29, 30, 37])
set([33, 3, 4, 5, 6, 13, 14, 15, 23, 24])
set([33, 3, 4, 5, 6, 39, 42, 13, 14, 15, 16, 17, 18, 23, 24, 36, 26, 27, 29, 30])
set([32, 33, 45, 3, 4, 5, 6, 41, 13, 14, 15, 17, 18, 19, 23, 24, 27, 28, 37, 31])
set([35, 45, 3, 4, 5, 6, 33, 39, 13, 14, 15, 19, 20, 21, 23, 24, 36, 29, 30, 51])
set([33, 3, 4, 5, 6, 54, 38, 47, 13, 14, 15, 40, 20, 21, 22, 23, 24, 31, 30, 37])
set([48, 45, 3, 4, 5, 6, 33, 13, 14, 47, 27, 35, 57, 23, 24, 25, 26, 15, 69, 36])
set([33, 3, 4, 5, 6, 72, 13, 14, 15, 49, 50, 46, 59, 23, 24, 36, 26, 27, 28, 37])
set([33, 61, 3, 4, 5, 6, 38, 47, 75, 13, 14, 15, 51, 52, 23, 24, 27, 28, 29, 37])
set([3, 4, 5, 6, 14, 15, 16, 25, 26, 36])
set([32, 45, 3, 4, 5, 6, 39, 42, 36, 14, 15, 16, 17, 18, 19, 25, 26, 28, 29, 31])
set([33, 34, 3, 4, 5, 6, 48, 40, 44, 14, 15, 16, 18, 19, 20, 25, 26, 29, 30, 36])
set([32, 48, 3, 4, 5, 6, 54, 42, 14, 15, 16, 20, 21, 22, 25, 26, 38, 36, 37, 31])
set([32, 33, 3, 4, 5, 6, 39, 40, 57, 43, 14, 15, 16, 50, 21, 22, 23, 25, 26, 36])
set([33, 34, 3, 4, 5, 6, 41, 42, 44, 14, 15, 16, 52, 22, 23, 24, 25, 26, 60, 36])
set([3, 4, 5, 38, 39, 75, 14, 15, 16, 49, 26, 51, 52, 25, 6, 27, 28, 29, 62, 36])
set([3, 4, 5, 6, 39, 15, 16, 17, 27, 28])
set([33, 34, 3, 4, 5, 6, 39, 42, 45, 15, 16, 17, 18, 19, 20, 48, 27, 28, 30, 31])
set([32, 35, 3, 4, 5, 6, 39, 47, 43, 51, 15, 16, 17, 19, 20, 21, 36, 27, 28, 31])
set([32, 33, 3, 4, 5, 6, 39, 38, 54, 44, 15, 16, 17, 20, 21, 22, 49, 27, 28, 37])
set([34, 3, 4, 5, 6, 39, 41, 42, 60, 46, 15, 16, 17, 35, 53, 22, 23, 24, 27, 28])
set([3, 4, 5, 6, 39, 47, 43, 44, 63, 15, 16, 17, 35, 23, 24, 25, 27, 28, 55, 36])
set([48, 66, 3, 4, 5, 6, 39, 45, 46, 15, 16, 17, 57, 24, 25, 26, 27, 28, 37, 36])
set([3, 4, 5, 6, 42, 16, 17, 18, 29, 30])
set([32, 35, 3, 4, 5, 6, 33, 42, 45, 16, 17, 18, 19, 20, 21, 36, 51, 29, 30, 48])
set([33, 34, 3, 4, 5, 6, 54, 42, 50, 46, 16, 17, 18, 20, 21, 22, 38, 29, 30, 37])
set([34, 3, 4, 5, 6, 39, 40, 42, 47, 16, 17, 18, 35, 52, 21, 22, 23, 57, 29, 30])
set([3, 4, 5, 6, 49, 42, 43, 44, 16, 17, 18, 25, 23, 24, 36, 56, 63, 29, 30, 37])
set([66, 3, 4, 5, 6, 42, 45, 46, 16, 17, 18, 58, 50, 24, 25, 26, 38, 29, 30, 37])
set([48, 3, 4, 5, 38, 39, 42, 47, 16, 17, 18, 51, 6, 25, 26, 27, 60, 29, 30, 69])
set([3, 4, 5, 6, 39, 40, 42, 50, 16, 17, 18, 52, 62, 49, 72, 26, 27, 28, 29, 30])
set([32, 3, 4, 5, 6, 45, 17, 18, 19, 31])
set([32, 35, 34, 3, 4, 5, 6, 54, 45, 48, 17, 18, 19, 20, 21, 22, 38, 51, 37, 31])
set([19, 32, 3, 4, 5, 6, 39, 40, 57, 45, 17, 18, 35, 21, 22, 23, 36, 49, 53, 31])
set([32, 3, 4, 5, 6, 41, 42, 55, 45, 50, 17, 18, 19, 22, 23, 24, 36, 60, 37, 31])
set([32, 51, 3, 4, 5, 6, 63, 43, 44, 45, 17, 18, 19, 57, 23, 24, 25, 38, 37, 31])
set([32, 3, 4, 5, 6, 39, 40, 45, 47, 48, 17, 18, 19, 53, 25, 26, 27, 61, 69, 31])
set([32, 3, 4, 5, 6, 49, 40, 41, 50, 63, 45, 17, 18, 19, 54, 72, 26, 27, 28, 31])
set([19, 32, 3, 4, 5, 6, 65, 41, 42, 75, 45, 17, 18, 51, 52, 55, 27, 28, 29, 31])
set([33, 34, 3, 4, 5, 6, 48, 18, 19, 20])
set([33, 34, 3, 4, 5, 6, 39, 40, 57, 48, 18, 19, 20, 21, 22, 23, 36, 54, 51, 37])
set([3, 4, 5, 6, 18, 19, 20, 21, 22, 23, 26, 27, 28, 33, 34, 36, 37, 39, 40, 41, 42, 44, 45, 48, 49, 50, 51, 54, 56, 57, 59, 62, 64, 67, 72])
set([33, 34, 3, 4, 5, 6, 41, 42, 48, 56, 18, 19, 20, 22, 23, 24, 52, 38, 60, 37])
set([33, 34, 3, 4, 5, 38, 39, 43, 44, 48, 18, 19, 20, 53, 23, 24, 25, 6, 58, 63])
set([3, 4, 5, 6, 18, 19, 20, 23, 24, 25, 26, 27, 28, 33, 34, 38, 39, 41, 42, 43, 44, 46, 47, 48, 49, 50, 53, 56, 58, 61, 63, 64, 66, 69, 72])
set([33, 34, 3, 4, 5, 6, 39, 40, 45, 46, 48, 18, 19, 20, 66, 54, 24, 25, 26, 60])
set([64, 33, 34, 3, 4, 5, 6, 72, 41, 42, 50, 48, 49, 18, 19, 20, 56, 26, 27, 28])
set([35, 3, 4, 5, 6, 19, 20, 21, 36, 51])
set([57, 35, 3, 4, 5, 38, 39, 41, 42, 19, 20, 21, 22, 23, 24, 36, 6, 54, 60, 51])
set([35, 3, 4, 5, 6, 39, 40, 63, 43, 44, 19, 20, 21, 23, 24, 25, 59, 51, 55, 36])
set([35, 66, 3, 4, 5, 6, 40, 41, 45, 46, 56, 19, 20, 21, 24, 25, 26, 51, 61, 36])
set([35, 3, 4, 5, 6, 41, 42, 63, 47, 48, 19, 20, 21, 57, 25, 26, 27, 51, 69, 36])
set([35, 3, 4, 5, 6, 65, 72, 42, 43, 49, 50, 19, 20, 21, 36, 26, 27, 28, 58, 51])
set([3, 4, 37, 6, 54, 20, 21, 22, 38, 5])
set([3, 4, 5, 6, 63, 40, 41, 57, 43, 44, 54, 20, 21, 22, 23, 24, 25, 38, 60, 37])
set([66, 3, 4, 5, 6, 54, 41, 42, 45, 46, 20, 21, 22, 24, 25, 26, 38, 58, 62, 37])
set([64, 3, 4, 5, 6, 38, 54, 42, 43, 47, 48, 59, 20, 21, 22, 25, 26, 27, 69, 37])
set([66, 3, 4, 5, 6, 38, 54, 43, 44, 60, 49, 50, 20, 21, 22, 72, 26, 27, 28, 37])
set([3, 4, 5, 6, 39, 40, 21, 22, 23, 57])
set([66, 3, 4, 5, 6, 39, 40, 42, 43, 45, 46, 57, 21, 22, 23, 24, 25, 26, 60, 63])
set([65, 3, 4, 5, 6, 39, 40, 57, 43, 44, 47, 48, 21, 22, 23, 25, 26, 27, 61, 69])
set([3, 4, 5, 6, 39, 40, 44, 45, 49, 50, 67, 21, 22, 23, 72, 57, 26, 27, 28, 62])
set([3, 4, 5, 6, 41, 42, 22, 23, 24, 60])
set([66, 3, 4, 5, 6, 41, 42, 44, 45, 47, 48, 22, 23, 24, 25, 26, 27, 60, 69, 63])
set([64, 3, 4, 5, 6, 72, 41, 42, 45, 46, 60, 49, 50, 22, 23, 24, 68, 26, 27, 28])
set([3, 4, 5, 6, 43, 44, 23, 24, 25, 63])
set([66, 3, 4, 5, 6, 72, 43, 44, 46, 47, 49, 50, 23, 24, 25, 26, 27, 28, 69, 63])
set([66, 3, 4, 5, 6, 45, 46, 24, 25, 26])
set([3, 4, 5, 6, 47, 48, 25, 26, 27, 69])
set([3, 4, 5, 6, 72, 49, 50, 26, 27, 28])
set([9, 3, 5, 7])
set([3, 5, 7, 8, 9, 10, 12, 13, 15, 18])
set([33, 45, 3, 36, 5, 7, 8, 9, 10, 12, 13, 15, 17, 18, 19, 21, 22, 24, 27, 31])
set([35, 3, 5, 51, 7, 8, 9, 10, 12, 13, 15, 40, 18, 19, 21, 23, 24, 26, 29, 37])
set([3, 5, 7, 8, 9, 10, 39, 12, 13, 54, 15, 18, 20, 22, 24, 25, 27, 42, 30, 37])
set([57, 3, 5, 7, 8, 9, 10, 39, 12, 13, 15, 18, 41, 21, 23, 25, 26, 28, 44, 31])
set([32, 3, 5, 7, 8, 41, 10, 43, 12, 13, 46, 15, 18, 22, 9, 24, 26, 27, 60, 29])
set([33, 45, 3, 5, 7, 8, 9, 10, 43, 12, 13, 15, 48, 18, 23, 25, 27, 28, 30, 63])
set([34, 3, 66, 5, 7, 8, 9, 10, 12, 13, 47, 45, 50, 18, 24, 26, 15, 28, 29, 31])
set([32, 3, 5, 7, 8, 9, 10, 12, 13, 15, 47, 49, 18, 35, 52, 25, 27, 29, 30, 69])
set([33, 3, 36, 5, 7, 8, 9, 10, 12, 13, 15, 49, 18, 51, 54, 72, 26, 28, 30, 31])
set([3, 5, 7, 9, 10, 12, 14, 17, 19, 24])
set([42, 3, 36, 5, 7, 9, 10, 12, 14, 16, 17, 18, 19, 20, 23, 24, 25, 29, 30, 31])
set([32, 33, 3, 5, 35, 7, 40, 9, 10, 12, 14, 48, 17, 18, 19, 20, 22, 24, 25, 27])
set([41, 35, 3, 5, 57, 7, 9, 10, 39, 12, 14, 17, 19, 46, 21, 23, 24, 25, 28, 30])
set([32, 3, 63, 5, 7, 9, 10, 43, 12, 45, 14, 17, 50, 19, 23, 24, 25, 27, 30, 37])
set([32, 34, 3, 5, 7, 9, 10, 39, 12, 14, 47, 17, 19, 54, 24, 25, 49, 27, 29, 69])
set([33, 3, 5, 35, 7, 40, 9, 10, 12, 14, 49, 17, 19, 56, 24, 72, 26, 28, 30, 51])
set([3, 5, 7, 9, 11, 13, 15, 19, 21, 27])
set([32, 3, 5, 7, 37, 9, 42, 11, 13, 15, 16, 18, 19, 20, 21, 24, 26, 27, 29, 31])
set([33, 34, 3, 5, 35, 7, 9, 11, 13, 15, 48, 18, 19, 20, 21, 22, 41, 26, 27, 28])
set([45, 3, 36, 5, 7, 54, 9, 11, 13, 15, 19, 20, 21, 22, 24, 39, 27, 28, 30, 37])
set([32, 3, 5, 38, 7, 41, 11, 13, 15, 49, 43, 19, 21, 22, 9, 24, 26, 27, 60, 30])
set([32, 34, 3, 66, 5, 7, 40, 9, 11, 13, 47, 45, 27, 19, 21, 24, 26, 15, 28, 53])
set([51, 34, 3, 36, 5, 7, 72, 9, 42, 11, 13, 15, 49, 19, 21, 57, 26, 27, 28, 30])
set([3, 5, 7, 9, 12, 14, 16, 21, 23, 30])
set([33, 3, 36, 5, 7, 9, 39, 12, 14, 15, 16, 17, 19, 21, 23, 24, 26, 27, 29, 30])
set([48, 33, 3, 36, 5, 7, 9, 42, 12, 14, 16, 18, 35, 20, 21, 22, 23, 27, 29, 30])
set([3, 5, 38, 7, 54, 9, 39, 12, 14, 16, 20, 21, 22, 23, 24, 46, 31, 29, 30, 37])
set([33, 3, 5, 7, 40, 41, 23, 12, 14, 16, 43, 50, 21, 22, 9, 24, 26, 60, 30, 31])
set([33, 66, 3, 5, 7, 9, 42, 12, 45, 14, 47, 16, 35, 21, 54, 23, 24, 26, 28, 30])
set([34, 3, 36, 5, 7, 9, 43, 12, 14, 47, 16, 49, 21, 23, 56, 25, 27, 29, 30, 69])
set([33, 3, 5, 7, 9, 13, 15, 17, 23, 25])
set([33, 3, 36, 5, 7, 9, 42, 39, 13, 15, 16, 17, 18, 20, 23, 25, 26, 28, 29, 31])
set([32, 33, 3, 5, 7, 40, 9, 39, 13, 54, 15, 17, 20, 22, 23, 24, 25, 47, 30, 37])
set([32, 33, 34, 3, 5, 7, 41, 42, 43, 13, 15, 17, 51, 9, 22, 23, 24, 25, 26, 60])
set([33, 34, 3, 36, 5, 7, 9, 45, 44, 13, 15, 17, 66, 23, 24, 25, 26, 47, 28, 55])
set([33, 3, 36, 5, 38, 7, 72, 9, 13, 46, 15, 49, 51, 17, 23, 25, 26, 59, 28, 30])
set([3, 36, 5, 7, 9, 14, 16, 18, 25, 27])
set([33, 3, 36, 5, 7, 9, 42, 39, 45, 14, 16, 17, 18, 19, 21, 25, 27, 28, 30, 31])
set([32, 35, 3, 36, 5, 51, 7, 9, 41, 46, 14, 16, 18, 19, 21, 23, 25, 27, 30, 37])
set([33, 3, 36, 5, 7, 54, 9, 42, 39, 14, 16, 18, 20, 48, 22, 24, 25, 27, 37, 31])
set([33, 3, 36, 5, 7, 41, 43, 44, 14, 16, 18, 35, 52, 22, 9, 24, 25, 26, 27, 60])
set([66, 3, 36, 5, 7, 9, 45, 14, 47, 16, 56, 18, 35, 46, 24, 25, 26, 27, 28, 37])
set([48, 3, 36, 5, 7, 72, 9, 39, 14, 60, 16, 49, 18, 51, 25, 26, 27, 28, 30, 37])
set([3, 5, 7, 9, 39, 15, 17, 19, 27, 29])
set([32, 33, 3, 5, 35, 7, 9, 42, 39, 45, 15, 48, 17, 18, 19, 20, 22, 27, 29, 30])
set([34, 3, 36, 5, 7, 41, 43, 46, 15, 17, 19, 53, 22, 9, 24, 39, 26, 27, 60, 29])
set([66, 3, 36, 5, 38, 7, 9, 39, 45, 47, 15, 48, 17, 19, 24, 57, 26, 27, 28, 29])
set([51, 3, 5, 38, 7, 40, 9, 39, 61, 15, 49, 17, 50, 19, 72, 26, 27, 28, 29, 30])
set([3, 5, 7, 9, 42, 16, 18, 20, 29, 31])
set([32, 35, 34, 3, 48, 5, 51, 7, 9, 42, 45, 16, 18, 19, 20, 21, 23, 37, 29, 31])
set([57, 34, 3, 36, 5, 7, 9, 41, 39, 47, 16, 18, 42, 20, 21, 23, 25, 52, 29, 31])
set([48, 3, 5, 7, 54, 41, 42, 43, 16, 18, 35, 20, 22, 9, 24, 26, 37, 60, 29, 31])
set([3, 36, 5, 38, 7, 9, 42, 43, 45, 63, 16, 49, 18, 20, 23, 56, 25, 27, 29, 31])
set([66, 3, 5, 7, 9, 42, 39, 45, 47, 16, 50, 18, 58, 20, 24, 26, 31, 28, 29, 37])
set([3, 5, 7, 72, 9, 42, 39, 16, 49, 18, 51, 20, 62, 41, 52, 26, 28, 29, 30, 31])
set([33, 3, 5, 7, 9, 45, 17, 19, 21, 31])
set([33, 34, 3, 36, 5, 51, 7, 9, 39, 45, 48, 17, 19, 20, 21, 22, 24, 54, 37, 31])
set([33, 3, 36, 5, 38, 7, 41, 43, 45, 17, 50, 19, 21, 22, 9, 24, 55, 26, 60, 31])
set([33, 61, 3, 5, 7, 9, 39, 45, 47, 17, 53, 19, 21, 41, 25, 49, 27, 29, 69, 31])
set([33, 3, 5, 51, 7, 40, 9, 42, 45, 49, 17, 19, 21, 54, 72, 26, 63, 28, 30, 31])
set([33, 3, 5, 7, 9, 48, 18, 35, 20, 22])
set([57, 33, 3, 36, 5, 38, 7, 9, 41, 39, 48, 18, 35, 20, 21, 22, 23, 25, 54, 51])
set([33, 3, 5, 38, 7, 40, 9, 43, 45, 48, 18, 35, 20, 53, 22, 23, 25, 58, 27, 63])
set([33, 66, 3, 5, 7, 9, 39, 60, 45, 47, 48, 18, 35, 20, 22, 41, 24, 26, 54, 28])
set([33, 3, 5, 7, 40, 9, 42, 47, 48, 49, 18, 35, 20, 22, 55, 25, 27, 29, 62, 69])
set([64, 33, 3, 5, 51, 7, 72, 41, 43, 48, 49, 18, 35, 20, 22, 9, 56, 26, 28, 30])
set([3, 51, 35, 5, 7, 9, 19, 21, 23, 37])
set([35, 3, 5, 38, 7, 40, 41, 23, 60, 43, 19, 21, 22, 9, 24, 57, 26, 54, 51, 37])
set([35, 66, 3, 5, 51, 7, 40, 9, 42, 45, 47, 56, 19, 21, 23, 24, 26, 28, 61, 37])
set([35, 3, 5, 51, 7, 41, 57, 23, 63, 47, 43, 19, 21, 9, 25, 49, 27, 29, 69, 37])
set([3, 37, 7, 9, 39, 20, 22, 24, 54, 5])
set([3, 63, 5, 7, 40, 9, 42, 43, 45, 54, 20, 57, 22, 23, 24, 25, 27, 60, 39, 37])
set([64, 3, 5, 7, 54, 9, 42, 39, 44, 47, 49, 59, 20, 22, 24, 25, 27, 29, 69, 37])
set([66, 3, 5, 7, 72, 9, 43, 45, 60, 49, 51, 20, 22, 24, 39, 26, 54, 28, 30, 37])
set([3, 5, 7, 9, 41, 39, 57, 21, 23, 25])
set([57, 66, 3, 5, 7, 9, 42, 39, 44, 45, 47, 41, 21, 23, 24, 25, 26, 28, 60, 63])
set([57, 67, 3, 5, 7, 72, 9, 41, 39, 44, 46, 49, 51, 21, 23, 62, 25, 26, 28, 30])
set([3, 5, 7, 41, 43, 22, 9, 24, 26, 60])
set([66, 3, 5, 7, 41, 43, 44, 46, 47, 49, 22, 9, 24, 25, 26, 27, 60, 29, 69, 63])
set([3, 5, 7, 9, 43, 45, 23, 25, 27, 63])
set([66, 3, 5, 7, 72, 9, 43, 45, 46, 48, 49, 51, 69, 23, 25, 26, 27, 28, 30, 63])
set([66, 3, 5, 7, 9, 45, 47, 24, 26, 28])
set([3, 5, 7, 9, 47, 49, 25, 27, 29, 69])
set([3, 5, 7, 72, 9, 49, 51, 26, 28, 30])
set([9, 3, 12, 6])
set([3, 6, 7, 9, 10, 11, 12, 13, 14, 15])
set([32, 33, 3, 6, 7, 9, 10, 11, 12, 13, 14, 15, 16, 19, 20, 22, 23, 24, 29, 42])
set([34, 3, 6, 7, 9, 10, 11, 12, 13, 14, 15, 17, 35, 20, 21, 23, 24, 25, 45, 31])
set([33, 3, 36, 37, 6, 7, 9, 10, 11, 12, 13, 14, 15, 48, 18, 21, 22, 24, 25, 26])
set([35, 3, 38, 6, 7, 9, 10, 11, 12, 13, 14, 15, 19, 22, 23, 25, 26, 27, 39, 51])
set([3, 37, 6, 7, 40, 9, 10, 11, 12, 13, 14, 15, 20, 41, 54, 23, 24, 26, 27, 28])
set([3, 6, 7, 9, 10, 11, 12, 13, 14, 15, 43, 29, 21, 57, 24, 25, 27, 28, 42, 39])
set([45, 3, 6, 7, 9, 10, 11, 12, 13, 14, 44, 60, 22, 41, 25, 26, 15, 28, 29, 30])
set([3, 47, 6, 7, 9, 10, 11, 12, 13, 14, 15, 43, 63, 46, 23, 26, 27, 29, 30, 31])
set([32, 66, 3, 6, 7, 15, 9, 10, 11, 12, 45, 14, 13, 48, 49, 24, 27, 28, 30, 31])
set([32, 33, 3, 69, 6, 7, 9, 10, 11, 12, 13, 14, 47, 50, 51, 25, 15, 28, 29, 31])
set([32, 33, 34, 3, 6, 7, 72, 9, 10, 11, 12, 13, 14, 15, 49, 52, 53, 26, 29, 30])
set([3, 6, 8, 9, 11, 12, 13, 14, 16, 18])
set([34, 3, 36, 6, 8, 9, 11, 12, 13, 14, 45, 16, 17, 18, 20, 22, 23, 25, 27, 31])
set([35, 3, 38, 6, 8, 9, 11, 12, 13, 14, 16, 40, 18, 19, 22, 24, 25, 27, 29, 51])
set([3, 37, 6, 8, 9, 42, 11, 12, 13, 14, 16, 40, 18, 20, 54, 23, 25, 26, 28, 30])
set([3, 6, 39, 8, 9, 42, 11, 12, 13, 14, 44, 16, 18, 21, 24, 57, 26, 27, 29, 31])
set([32, 3, 6, 8, 9, 11, 12, 13, 14, 44, 16, 18, 46, 22, 41, 25, 27, 28, 60, 30])
set([33, 3, 6, 48, 8, 9, 11, 12, 13, 14, 16, 43, 18, 46, 23, 26, 63, 28, 29, 31])
set([32, 48, 34, 3, 66, 6, 8, 9, 11, 12, 13, 14, 45, 16, 50, 18, 24, 27, 29, 30])
set([33, 18, 3, 69, 6, 8, 9, 11, 12, 13, 14, 47, 16, 50, 35, 52, 25, 28, 30, 31])
set([32, 34, 3, 36, 6, 8, 9, 11, 12, 13, 14, 16, 49, 18, 52, 54, 72, 26, 29, 31])
set([3, 6, 9, 10, 12, 13, 16, 17, 20, 24])
set([34, 3, 6, 39, 9, 10, 12, 13, 15, 16, 17, 18, 20, 21, 22, 24, 25, 27, 29, 30])
set([42, 35, 3, 38, 6, 33, 9, 10, 12, 13, 16, 17, 19, 20, 22, 24, 25, 26, 29, 51])
set([32, 48, 3, 36, 6, 9, 10, 12, 13, 44, 16, 17, 60, 20, 22, 41, 24, 25, 28, 29])
set([33, 3, 37, 6, 9, 10, 43, 12, 13, 46, 16, 17, 50, 20, 23, 24, 26, 29, 30, 63])
set([32, 3, 69, 6, 39, 9, 10, 12, 13, 47, 16, 17, 50, 35, 20, 54, 24, 25, 28, 31])
set([32, 33, 3, 36, 6, 49, 40, 9, 10, 12, 13, 16, 17, 20, 56, 24, 52, 26, 29, 72])
set([3, 6, 9, 11, 12, 14, 17, 19, 22, 27])
set([33, 34, 3, 36, 6, 9, 11, 12, 14, 48, 17, 18, 19, 21, 22, 41, 24, 26, 27, 29])
set([3, 36, 37, 6, 54, 40, 9, 11, 12, 45, 14, 17, 19, 20, 22, 23, 26, 27, 28, 31])
set([51, 34, 3, 63, 6, 17, 9, 11, 12, 14, 43, 19, 46, 22, 23, 39, 26, 27, 29, 31])
set([33, 3, 36, 69, 6, 9, 11, 12, 14, 47, 17, 50, 19, 22, 41, 25, 27, 28, 55, 31])
set([3, 6, 9, 11, 12, 14, 17, 19, 22, 25, 26, 27, 28, 29, 31, 32, 33, 34, 36, 37, 41, 42, 47, 48, 49, 50, 51, 52, 55, 56, 57, 69, 70, 71, 72])
set([32, 34, 3, 37, 6, 17, 72, 9, 42, 11, 12, 14, 49, 19, 52, 22, 57, 26, 27, 29])
set([33, 3, 6, 9, 12, 13, 16, 19, 23, 26])
set([33, 34, 3, 36, 6, 9, 12, 13, 14, 16, 17, 19, 20, 23, 24, 25, 26, 27, 28, 35])
set([33, 3, 37, 6, 39, 9, 12, 13, 15, 16, 18, 19, 21, 23, 25, 26, 27, 28, 30, 35])
set([41, 33, 34, 3, 6, 39, 9, 42, 12, 13, 16, 49, 19, 21, 23, 24, 57, 26, 27, 31])
set([32, 35, 3, 6, 33, 9, 42, 12, 13, 44, 16, 19, 41, 22, 23, 25, 26, 28, 60, 51])
set([48, 34, 3, 66, 37, 6, 33, 9, 55, 12, 13, 45, 16, 19, 23, 24, 26, 27, 44, 30])
set([19, 33, 45, 3, 38, 6, 9, 12, 13, 47, 16, 50, 35, 57, 23, 25, 26, 28, 69, 31])
set([3, 36, 6, 9, 12, 14, 17, 20, 25, 28])
set([3, 36, 37, 6, 39, 38, 9, 12, 14, 15, 17, 18, 20, 21, 25, 26, 27, 28, 29, 30])
set([32, 3, 36, 38, 6, 40, 9, 42, 12, 14, 16, 17, 19, 20, 22, 25, 27, 28, 29, 30])
set([32, 3, 36, 6, 39, 9, 42, 43, 12, 14, 17, 50, 35, 20, 21, 57, 24, 25, 27, 28])
set([34, 3, 36, 37, 6, 9, 43, 12, 45, 14, 17, 20, 46, 54, 23, 25, 26, 28, 29, 63])
set([66, 3, 36, 38, 6, 9, 12, 45, 14, 48, 17, 35, 20, 46, 56, 24, 25, 27, 28, 30])
set([32, 3, 36, 37, 6, 49, 40, 9, 12, 14, 60, 48, 17, 20, 72, 25, 26, 28, 29, 52])
set([3, 6, 39, 9, 12, 15, 18, 21, 27, 30])
set([32, 3, 6, 39, 40, 9, 42, 12, 15, 16, 18, 19, 21, 22, 41, 27, 28, 29, 30, 31])
set([32, 34, 3, 6, 39, 9, 41, 43, 12, 45, 15, 17, 18, 20, 21, 23, 27, 29, 30, 31])
set([35, 34, 3, 38, 6, 39, 9, 43, 12, 47, 15, 18, 19, 21, 22, 25, 27, 51, 30, 31])
set([32, 3, 37, 6, 39, 40, 9, 12, 15, 49, 18, 35, 20, 21, 54, 23, 26, 27, 44, 30])
set([34, 3, 37, 6, 39, 60, 9, 12, 46, 15, 18, 21, 22, 41, 25, 27, 28, 44, 30, 53])
set([3, 47, 38, 6, 39, 9, 43, 12, 46, 15, 18, 35, 21, 23, 55, 26, 27, 29, 30, 63])
set([3, 37, 6, 39, 40, 9, 12, 50, 47, 15, 49, 18, 21, 59, 69, 25, 27, 28, 30, 31])
set([32, 61, 3, 38, 6, 39, 72, 9, 12, 50, 15, 49, 18, 52, 21, 41, 26, 27, 29, 30])
set([32, 3, 6, 9, 42, 12, 16, 19, 22, 29])
set([32, 33, 34, 3, 6, 9, 42, 43, 12, 45, 44, 16, 17, 19, 20, 22, 23, 29, 30, 31])
set([32, 33, 34, 3, 36, 6, 48, 9, 42, 12, 46, 44, 16, 18, 19, 21, 22, 24, 29, 31])
set([32, 33, 3, 36, 37, 6, 40, 9, 42, 12, 46, 16, 50, 19, 20, 22, 23, 26, 54, 29])
set([32, 48, 66, 3, 37, 6, 40, 9, 42, 12, 45, 16, 50, 19, 22, 24, 58, 27, 29, 30])
set([32, 51, 3, 38, 6, 9, 42, 12, 47, 16, 50, 19, 22, 41, 25, 60, 28, 29, 69, 31])
set([34, 3, 6, 9, 12, 45, 17, 20, 23, 31])
set([32, 33, 34, 3, 36, 6, 9, 12, 45, 46, 47, 48, 17, 18, 35, 20, 21, 23, 24, 31])
set([33, 34, 3, 36, 38, 6, 49, 9, 51, 12, 45, 47, 17, 19, 20, 22, 23, 25, 35, 31])
set([34, 3, 38, 6, 39, 9, 42, 12, 45, 17, 35, 20, 21, 23, 24, 57, 49, 27, 53, 31])
set([34, 3, 36, 6, 39, 9, 23, 12, 45, 44, 17, 50, 20, 22, 41, 25, 28, 60, 55, 31])
set([32, 34, 3, 6, 49, 40, 9, 43, 12, 45, 17, 20, 54, 23, 72, 52, 26, 63, 29, 31])
set([33, 3, 36, 6, 9, 12, 48, 18, 21, 24])
set([33, 34, 3, 36, 37, 6, 9, 12, 50, 48, 49, 18, 19, 21, 22, 24, 25, 38, 51, 35])
set([33, 3, 36, 37, 6, 40, 9, 12, 50, 48, 18, 35, 20, 21, 54, 23, 24, 52, 26, 38])
set([33, 3, 36, 37, 6, 40, 9, 12, 44, 48, 56, 18, 52, 21, 22, 41, 24, 25, 28, 60])
set([33, 3, 36, 38, 6, 9, 41, 43, 12, 46, 48, 18, 58, 21, 23, 24, 26, 63, 29, 53])
set([33, 3, 36, 69, 6, 40, 9, 43, 12, 50, 47, 48, 18, 21, 55, 24, 25, 28, 62, 31])
set([32, 33, 3, 36, 56, 6, 64, 9, 12, 44, 48, 49, 18, 52, 21, 41, 24, 72, 26, 29])
set([35, 3, 38, 6, 9, 12, 19, 22, 25, 51])
set([35, 3, 36, 37, 6, 39, 40, 9, 12, 54, 19, 20, 53, 22, 23, 25, 26, 38, 52, 51])
set([57, 35, 3, 37, 6, 39, 38, 9, 42, 12, 40, 19, 21, 22, 55, 24, 25, 27, 53, 51])
set([35, 3, 63, 38, 6, 39, 9, 42, 43, 12, 46, 19, 22, 23, 25, 26, 59, 29, 55, 51])
set([35, 66, 3, 38, 6, 40, 9, 43, 12, 45, 48, 56, 19, 22, 24, 25, 27, 61, 30, 51])
set([32, 35, 3, 38, 6, 65, 72, 9, 42, 12, 45, 49, 19, 52, 22, 25, 26, 58, 29, 51])
set([3, 37, 6, 40, 9, 12, 20, 54, 23, 26])
set([3, 37, 6, 39, 40, 9, 41, 55, 12, 27, 56, 20, 21, 54, 23, 24, 57, 26, 38, 42])
set([3, 37, 6, 39, 40, 9, 42, 12, 44, 60, 20, 41, 22, 23, 56, 25, 26, 54, 28, 58])
set([66, 3, 37, 6, 40, 9, 62, 12, 45, 44, 48, 20, 41, 54, 23, 24, 26, 27, 58, 30])
set([64, 3, 37, 6, 40, 9, 42, 12, 45, 47, 50, 20, 54, 23, 25, 26, 59, 28, 69, 31])
set([3, 6, 39, 9, 42, 12, 21, 24, 57, 27])
set([3, 6, 39, 40, 9, 42, 43, 12, 44, 59, 57, 21, 22, 41, 24, 25, 58, 27, 28, 60])
set([3, 6, 39, 9, 41, 43, 12, 61, 46, 44, 59, 42, 21, 23, 24, 57, 26, 27, 29, 63])
set([65, 3, 69, 6, 39, 9, 42, 43, 12, 46, 47, 50, 21, 57, 24, 25, 27, 28, 61, 31])
set([32, 3, 6, 39, 72, 9, 42, 44, 12, 47, 49, 67, 52, 21, 24, 57, 26, 27, 29, 62])
set([3, 6, 9, 12, 44, 22, 41, 25, 28, 60])
set([61, 3, 6, 9, 42, 43, 12, 45, 46, 44, 60, 41, 22, 23, 25, 26, 28, 29, 62, 63])
set([64, 66, 3, 6, 9, 43, 12, 45, 46, 44, 48, 62, 22, 41, 24, 25, 27, 28, 60, 30])
set([32, 64, 3, 68, 6, 72, 9, 12, 45, 44, 48, 49, 60, 52, 22, 41, 25, 26, 28, 29])
set([3, 6, 9, 43, 12, 46, 23, 26, 29, 63])
set([64, 65, 66, 3, 6, 9, 43, 44, 45, 12, 47, 48, 46, 23, 24, 26, 27, 29, 30, 63])
set([65, 3, 69, 6, 9, 43, 12, 45, 46, 47, 48, 50, 67, 23, 25, 26, 63, 28, 29, 31])
set([66, 3, 6, 9, 12, 45, 48, 24, 27, 30])
set([66, 3, 68, 69, 6, 9, 12, 45, 46, 47, 48, 49, 50, 67, 24, 25, 27, 28, 30, 31])
set([32, 66, 3, 68, 70, 6, 72, 9, 12, 45, 47, 48, 49, 50, 52, 24, 26, 27, 29, 30])
set([3, 69, 6, 9, 12, 47, 50, 25, 28, 31])
set([32, 3, 69, 6, 71, 72, 9, 12, 70, 47, 48, 49, 50, 51, 52, 25, 26, 28, 29, 31])
set([32, 3, 6, 72, 9, 12, 49, 52, 26, 29])
set([11, 15, 3, 7])
set([3, 7, 8, 11, 12, 13, 15, 16, 17, 18])
set([35, 3, 51, 7, 8, 11, 12, 13, 15, 16, 17, 18, 19, 40, 23, 24, 39, 27, 28, 29])
set([3, 37, 7, 8, 41, 42, 11, 12, 13, 15, 16, 17, 18, 20, 54, 24, 25, 28, 29, 30])
set([3, 7, 8, 44, 30, 11, 12, 13, 15, 16, 17, 18, 21, 43, 57, 25, 26, 29, 39, 31])
set([32, 45, 3, 7, 8, 41, 11, 12, 13, 46, 15, 16, 17, 18, 22, 26, 27, 60, 30, 31])
set([32, 33, 3, 17, 7, 8, 47, 11, 12, 13, 63, 15, 16, 43, 18, 48, 23, 27, 28, 31])
set([32, 33, 34, 3, 66, 49, 7, 8, 11, 12, 13, 45, 16, 17, 18, 50, 24, 15, 28, 29])
set([33, 34, 3, 69, 35, 7, 8, 11, 12, 13, 47, 16, 17, 18, 51, 52, 25, 15, 29, 30])
set([34, 3, 17, 7, 8, 11, 12, 13, 15, 16, 49, 18, 35, 53, 54, 72, 36, 26, 30, 31])
set([3, 7, 10, 11, 14, 15, 17, 18, 21, 24])
set([35, 3, 33, 51, 7, 10, 11, 14, 15, 17, 18, 19, 21, 23, 24, 39, 26, 27, 42, 30])
set([33, 3, 36, 7, 41, 10, 11, 45, 14, 15, 48, 17, 18, 21, 22, 24, 26, 60, 29, 30])
set([34, 3, 63, 37, 7, 47, 10, 11, 50, 14, 15, 17, 18, 21, 43, 23, 24, 27, 30, 31])
set([32, 33, 3, 36, 69, 7, 10, 11, 14, 47, 17, 18, 51, 21, 54, 24, 25, 15, 29, 39])
set([33, 34, 3, 49, 7, 40, 10, 11, 14, 15, 17, 18, 21, 56, 24, 72, 26, 53, 30, 37])
set([3, 7, 11, 12, 15, 16, 20, 21, 25, 30])
set([33, 3, 36, 37, 7, 42, 11, 12, 15, 16, 18, 48, 20, 21, 22, 25, 26, 27, 30, 31])
set([32, 35, 3, 37, 51, 7, 44, 30, 11, 12, 15, 16, 19, 20, 21, 23, 25, 27, 28, 39])
set([32, 3, 36, 7, 47, 41, 11, 12, 63, 15, 16, 43, 20, 21, 23, 25, 27, 52, 30, 31])
set([32, 33, 66, 3, 37, 7, 42, 11, 12, 45, 15, 16, 49, 20, 21, 54, 24, 25, 28, 30])
set([33, 3, 7, 11, 13, 15, 17, 21, 23, 27])
set([33, 34, 3, 36, 7, 11, 13, 14, 15, 17, 18, 35, 21, 22, 23, 24, 25, 27, 28, 29])
set([33, 34, 3, 37, 7, 40, 41, 11, 13, 47, 15, 17, 20, 21, 54, 23, 24, 27, 28, 30])
set([32, 33, 45, 3, 36, 7, 41, 42, 11, 13, 15, 17, 51, 21, 22, 23, 26, 27, 60, 30])
set([32, 33, 34, 3, 66, 49, 38, 7, 11, 44, 13, 45, 27, 17, 21, 23, 24, 55, 15, 28])
set([33, 34, 3, 36, 49, 7, 40, 11, 13, 46, 15, 17, 21, 59, 23, 72, 26, 27, 30, 53])
set([3, 36, 7, 11, 14, 15, 18, 22, 25, 29])
set([35, 34, 3, 36, 51, 7, 41, 11, 14, 15, 18, 19, 39, 46, 22, 23, 25, 27, 29, 30])
set([3, 36, 37, 7, 41, 42, 11, 14, 15, 48, 18, 35, 20, 22, 24, 25, 54, 28, 29, 31])
set([34, 3, 36, 54, 38, 7, 47, 11, 45, 14, 15, 43, 18, 63, 22, 23, 25, 27, 29, 31])
set([32, 66, 3, 36, 7, 11, 45, 14, 15, 49, 18, 35, 46, 22, 56, 24, 25, 28, 29, 39])
set([34, 3, 36, 37, 7, 72, 41, 11, 14, 15, 48, 49, 18, 53, 22, 25, 26, 60, 29, 30])
set([33, 3, 7, 42, 11, 15, 16, 20, 24, 29])
set([33, 34, 3, 7, 42, 11, 44, 45, 15, 16, 17, 35, 20, 21, 43, 24, 25, 29, 30, 31])
set([32, 35, 3, 36, 33, 51, 7, 42, 11, 45, 15, 16, 19, 20, 48, 23, 24, 39, 27, 29])
set([33, 3, 48, 54, 7, 41, 42, 11, 45, 15, 16, 35, 20, 22, 24, 39, 26, 60, 29, 30])
set([33, 3, 36, 49, 7, 40, 47, 42, 11, 63, 15, 16, 43, 20, 23, 24, 56, 27, 29, 31])
set([33, 34, 3, 7, 72, 42, 11, 15, 16, 49, 20, 53, 43, 62, 24, 39, 26, 29, 30, 52])
set([3, 7, 11, 45, 15, 17, 35, 21, 25, 31])
set([32, 33, 3, 36, 37, 7, 11, 45, 46, 15, 48, 17, 18, 35, 21, 22, 25, 26, 47, 31])
set([51, 34, 3, 37, 38, 7, 41, 11, 45, 15, 48, 17, 35, 20, 21, 54, 24, 25, 28, 31])
set([34, 3, 49, 7, 40, 11, 44, 45, 15, 17, 35, 21, 54, 72, 25, 26, 63, 53, 30, 31])
set([33, 3, 37, 7, 11, 15, 48, 18, 22, 26])
set([33, 34, 3, 37, 35, 7, 38, 11, 50, 15, 48, 49, 18, 19, 22, 23, 39, 26, 27, 51])
set([33, 3, 36, 37, 7, 40, 11, 15, 48, 43, 18, 51, 21, 22, 57, 25, 26, 54, 29, 39])
set([33, 3, 37, 38, 7, 47, 42, 11, 63, 15, 48, 43, 18, 53, 22, 23, 26, 27, 58, 31])
set([32, 33, 66, 3, 48, 37, 7, 60, 11, 45, 15, 49, 43, 18, 22, 24, 39, 26, 54, 28])
set([35, 3, 51, 7, 11, 15, 19, 23, 39, 27])
set([35, 3, 36, 37, 51, 7, 40, 41, 11, 15, 19, 20, 53, 54, 23, 24, 39, 27, 28, 52])
set([35, 3, 54, 38, 7, 41, 42, 11, 45, 15, 19, 57, 22, 23, 39, 26, 27, 60, 30, 51])
set([32, 35, 66, 3, 51, 7, 40, 11, 44, 45, 15, 49, 19, 56, 23, 24, 39, 27, 28, 61])
set([35, 34, 3, 51, 7, 72, 42, 11, 46, 15, 49, 19, 53, 23, 39, 26, 27, 58, 30, 65])
set([3, 37, 7, 41, 11, 15, 20, 54, 24, 28])
set([3, 37, 38, 7, 41, 42, 11, 15, 43, 57, 20, 21, 54, 55, 24, 25, 56, 28, 29, 39])
set([3, 63, 37, 7, 40, 41, 11, 44, 47, 15, 43, 20, 54, 23, 24, 57, 27, 28, 60, 31])
set([64, 33, 3, 37, 7, 41, 42, 11, 46, 47, 59, 51, 20, 54, 24, 25, 15, 28, 29, 69])
set([34, 3, 37, 7, 72, 41, 11, 60, 66, 15, 49, 43, 20, 53, 54, 24, 26, 47, 28, 30])
set([3, 39, 11, 15, 43, 21, 57, 7, 25, 29])
set([3, 7, 40, 41, 30, 11, 44, 45, 15, 43, 58, 21, 22, 57, 25, 26, 59, 60, 29, 39])
set([32, 66, 3, 49, 7, 60, 42, 11, 45, 46, 15, 43, 21, 57, 24, 25, 28, 29, 39, 63])
set([34, 3, 7, 72, 57, 11, 44, 15, 48, 49, 67, 21, 43, 39, 62, 25, 26, 29, 30, 53])
set([3, 7, 41, 11, 45, 15, 22, 26, 60, 30])
set([3, 47, 7, 41, 42, 11, 45, 46, 15, 43, 63, 62, 22, 23, 26, 27, 60, 61, 30, 31])
set([33, 66, 3, 69, 7, 41, 11, 44, 45, 47, 48, 51, 22, 25, 26, 15, 60, 29, 30, 63])
set([3, 7, 47, 11, 63, 15, 43, 23, 27, 31])
set([32, 64, 66, 3, 49, 65, 7, 47, 11, 44, 45, 63, 15, 48, 43, 23, 24, 27, 28, 31])
set([34, 3, 63, 49, 7, 72, 47, 11, 66, 46, 15, 43, 50, 69, 53, 23, 26, 27, 30, 31])
set([32, 66, 3, 7, 11, 45, 15, 49, 24, 28])
set([32, 33, 66, 3, 68, 69, 7, 11, 45, 46, 47, 49, 50, 51, 24, 25, 15, 28, 29, 67])
set([33, 3, 69, 7, 11, 47, 51, 25, 15, 29])
set([33, 34, 3, 69, 70, 7, 72, 11, 47, 48, 49, 51, 52, 53, 71, 25, 26, 15, 29, 30])
set([34, 3, 7, 72, 11, 15, 49, 53, 26, 30])
set([8, 18, 3, 13])
set([3, 8, 9, 13, 14, 15, 18, 19, 20, 21])
set([45, 3, 36, 37, 8, 9, 13, 14, 15, 17, 18, 19, 20, 21, 22, 23, 27, 28, 29, 31])
set([32, 33, 34, 3, 47, 8, 9, 60, 13, 14, 15, 18, 19, 20, 46, 22, 41, 27, 28, 21])
set([33, 34, 3, 35, 8, 9, 43, 13, 14, 15, 48, 49, 18, 19, 20, 21, 23, 28, 29, 63])
set([35, 45, 3, 36, 51, 8, 9, 66, 13, 14, 15, 34, 50, 18, 19, 20, 21, 24, 29, 30])
set([35, 3, 36, 37, 8, 9, 13, 14, 15, 18, 19, 20, 21, 69, 25, 47, 52, 53, 30, 31])
set([32, 3, 36, 37, 38, 8, 9, 13, 14, 15, 49, 18, 19, 20, 21, 54, 55, 72, 26, 31])
set([3, 8, 10, 13, 15, 17, 18, 20, 22, 24])
set([34, 3, 36, 8, 10, 13, 15, 16, 17, 18, 42, 20, 21, 22, 23, 24, 26, 28, 29, 30])
set([33, 3, 39, 8, 10, 44, 13, 46, 15, 17, 18, 35, 20, 21, 22, 24, 57, 26, 28, 31])
set([33, 3, 37, 8, 10, 43, 50, 13, 15, 48, 17, 18, 35, 20, 22, 23, 24, 28, 30, 63])
set([32, 3, 37, 39, 8, 54, 10, 13, 15, 17, 18, 35, 20, 22, 69, 24, 25, 47, 30, 52])
set([33, 3, 36, 54, 38, 49, 8, 10, 13, 15, 56, 17, 18, 20, 22, 40, 24, 72, 26, 31])
set([3, 8, 11, 13, 16, 18, 19, 21, 24, 27])
set([33, 3, 36, 37, 8, 42, 11, 13, 45, 16, 18, 19, 20, 21, 54, 24, 25, 27, 28, 30])
set([33, 3, 36, 51, 48, 8, 63, 11, 13, 16, 43, 18, 19, 21, 23, 24, 39, 27, 28, 31])
set([33, 3, 38, 35, 8, 41, 11, 13, 47, 16, 18, 19, 52, 21, 55, 24, 25, 27, 30, 69])
set([3, 8, 11, 13, 16, 18, 19, 21, 24, 25, 26, 27, 30, 31, 33, 34, 35, 36, 38, 39, 41, 42, 47, 48, 49, 52, 53, 54, 55, 56, 57, 69, 70, 71, 72])
set([34, 3, 36, 39, 8, 42, 11, 13, 16, 49, 18, 19, 21, 54, 24, 57, 26, 27, 72, 31])
set([3, 8, 12, 13, 17, 18, 21, 22, 26, 30])
set([32, 33, 3, 36, 39, 8, 12, 13, 15, 17, 18, 20, 21, 22, 24, 25, 26, 27, 29, 30])
set([35, 3, 37, 51, 33, 8, 44, 12, 13, 17, 18, 19, 21, 22, 40, 24, 26, 28, 29, 30])
set([32, 33, 3, 37, 8, 41, 43, 12, 13, 48, 17, 18, 52, 21, 22, 23, 26, 28, 30, 63])
set([33, 34, 3, 66, 54, 38, 8, 42, 12, 13, 45, 50, 17, 18, 21, 22, 24, 26, 29, 30])
set([3, 36, 8, 13, 14, 18, 19, 24, 25, 30])
set([32, 34, 3, 36, 38, 8, 42, 13, 14, 16, 40, 18, 19, 21, 24, 25, 26, 27, 29, 30])
set([32, 3, 36, 37, 39, 8, 43, 44, 13, 14, 50, 18, 19, 21, 57, 24, 25, 26, 30, 31])
set([32, 33, 3, 36, 38, 8, 41, 44, 13, 14, 18, 19, 52, 46, 22, 24, 25, 27, 60, 30])
set([33, 34, 3, 36, 39, 8, 43, 13, 14, 45, 48, 18, 19, 54, 23, 24, 25, 28, 30, 63])
set([32, 3, 39, 8, 13, 15, 18, 20, 25, 27])
set([32, 33, 34, 3, 39, 8, 41, 42, 13, 15, 16, 40, 18, 20, 21, 25, 26, 27, 28, 29])
set([32, 35, 3, 36, 51, 39, 8, 47, 43, 13, 15, 40, 18, 19, 20, 24, 25, 27, 29, 31])
set([32, 33, 3, 39, 8, 47, 43, 13, 15, 48, 40, 18, 35, 20, 23, 25, 27, 28, 55, 63])
set([32, 48, 45, 3, 36, 39, 8, 41, 13, 15, 34, 50, 18, 20, 66, 57, 24, 25, 27, 29])
set([32, 3, 36, 38, 39, 8, 43, 13, 15, 50, 49, 18, 20, 54, 72, 25, 26, 27, 61, 31])
set([34, 3, 8, 42, 13, 16, 18, 21, 26, 29])
set([34, 3, 36, 8, 42, 43, 44, 13, 45, 16, 17, 18, 35, 21, 22, 26, 27, 29, 30, 31])
set([32, 48, 34, 3, 54, 8, 41, 42, 13, 46, 16, 40, 18, 35, 21, 22, 26, 27, 60, 29])
set([33, 34, 3, 36, 48, 8, 41, 42, 43, 13, 16, 49, 18, 21, 23, 56, 26, 28, 29, 63])
set([51, 34, 3, 69, 38, 8, 42, 43, 13, 47, 16, 18, 35, 52, 21, 25, 26, 60, 29, 30])
set([3, 36, 8, 13, 45, 17, 18, 22, 27, 31])
set([33, 3, 36, 38, 35, 49, 8, 47, 13, 45, 17, 18, 19, 22, 40, 24, 27, 51, 29, 31])
set([34, 3, 36, 37, 39, 8, 54, 42, 13, 45, 48, 17, 18, 51, 20, 22, 25, 27, 30, 31])
set([33, 3, 36, 37, 8, 63, 42, 43, 13, 45, 48, 17, 18, 51, 22, 23, 57, 27, 28, 31])
set([45, 3, 36, 69, 39, 8, 44, 13, 47, 17, 18, 35, 52, 53, 22, 25, 27, 61, 30, 31])
set([35, 3, 51, 8, 13, 40, 18, 19, 24, 29])
set([35, 3, 36, 37, 51, 8, 41, 42, 13, 40, 18, 19, 20, 53, 54, 24, 25, 29, 30, 52])
set([35, 3, 37, 51, 39, 8, 42, 44, 13, 40, 18, 19, 21, 55, 24, 57, 26, 53, 29, 31])
set([32, 35, 3, 54, 38, 8, 41, 43, 13, 46, 40, 18, 19, 22, 24, 57, 27, 60, 29, 51])
set([35, 3, 33, 51, 39, 8, 43, 44, 13, 48, 40, 18, 19, 23, 24, 55, 59, 28, 29, 63])
set([58, 35, 3, 36, 51, 65, 8, 42, 13, 47, 49, 18, 19, 54, 40, 24, 72, 26, 29, 31])
set([3, 37, 8, 42, 13, 18, 20, 54, 25, 30])
set([3, 37, 38, 39, 8, 42, 43, 44, 13, 18, 57, 20, 21, 54, 55, 56, 25, 26, 30, 31])
set([32, 3, 54, 37, 39, 8, 41, 42, 44, 13, 46, 18, 20, 22, 56, 25, 58, 27, 60, 30])
set([33, 3, 37, 8, 60, 42, 43, 13, 45, 48, 40, 18, 20, 57, 54, 23, 25, 28, 30, 63])
set([34, 3, 66, 37, 8, 41, 42, 13, 46, 45, 50, 18, 20, 62, 54, 24, 25, 58, 29, 30])
set([3, 39, 8, 44, 13, 18, 21, 57, 26, 31])
set([32, 3, 59, 39, 8, 41, 44, 13, 46, 45, 40, 18, 21, 22, 57, 26, 27, 60, 58, 31])
set([33, 3, 63, 39, 8, 41, 43, 44, 13, 46, 48, 18, 21, 23, 57, 26, 59, 28, 61, 31])
set([34, 3, 66, 39, 8, 63, 42, 44, 13, 45, 50, 18, 21, 24, 57, 26, 47, 60, 29, 31])
set([65, 3, 69, 39, 8, 43, 44, 13, 47, 48, 18, 35, 52, 21, 57, 25, 26, 61, 30, 31])
set([32, 3, 8, 41, 13, 46, 18, 22, 27, 60])
set([32, 33, 3, 8, 41, 42, 43, 60, 13, 46, 47, 48, 18, 22, 23, 27, 28, 61, 62, 63])
set([32, 64, 34, 3, 66, 8, 41, 43, 13, 46, 45, 48, 50, 18, 22, 24, 27, 60, 29, 62])
set([32, 66, 3, 69, 8, 41, 44, 13, 46, 47, 49, 18, 35, 52, 22, 25, 27, 60, 30, 63])
set([32, 64, 3, 36, 54, 8, 41, 13, 46, 45, 50, 49, 18, 22, 72, 68, 26, 27, 60, 31])
set([33, 3, 8, 43, 13, 48, 18, 23, 28, 63])
set([64, 33, 34, 3, 66, 65, 8, 43, 44, 13, 45, 48, 49, 18, 50, 23, 24, 28, 29, 63])
set([33, 67, 3, 69, 65, 8, 43, 13, 45, 48, 50, 18, 35, 52, 23, 25, 47, 28, 30, 63])
set([33, 66, 3, 36, 69, 8, 43, 13, 46, 48, 49, 18, 51, 54, 23, 72, 26, 63, 28, 31])
set([34, 3, 66, 8, 45, 13, 50, 18, 24, 29])
set([68, 51, 34, 3, 66, 69, 8, 67, 13, 46, 45, 50, 18, 35, 52, 24, 25, 47, 29, 30])
set([34, 3, 36, 70, 8, 13, 45, 50, 49, 18, 52, 66, 54, 24, 68, 26, 47, 29, 72, 31])
set([3, 69, 8, 13, 47, 18, 35, 52, 25, 30])
set([3, 36, 69, 70, 71, 8, 13, 47, 48, 49, 18, 35, 52, 53, 54, 72, 25, 26, 30, 31])
set([3, 36, 8, 13, 49, 18, 54, 72, 26, 31])
set([9, 3, 21, 15])
set([3, 9, 10, 15, 16, 17, 21, 22, 23, 24])
set([32, 35, 3, 41, 33, 9, 10, 15, 16, 17, 19, 21, 22, 23, 24, 25, 26, 51, 42, 31])
set([32, 33, 34, 3, 37, 54, 9, 10, 43, 44, 15, 16, 17, 20, 21, 22, 23, 24, 26, 27])
set([32, 3, 37, 38, 39, 54, 9, 10, 15, 16, 17, 21, 22, 23, 24, 25, 47, 53, 69, 31])
set([32, 33, 3, 38, 49, 40, 9, 10, 39, 15, 16, 17, 56, 21, 22, 23, 24, 55, 26, 72])
set([3, 9, 11, 15, 17, 19, 21, 23, 25, 27])
set([32, 35, 3, 37, 9, 42, 11, 15, 16, 17, 19, 21, 22, 23, 24, 25, 27, 28, 29, 30])
set([32, 33, 34, 3, 39, 9, 41, 11, 15, 48, 17, 18, 19, 21, 23, 24, 25, 26, 27, 30])
set([32, 34, 3, 36, 37, 54, 9, 11, 45, 15, 17, 19, 20, 21, 43, 23, 25, 26, 27, 28])
set([34, 3, 36, 38, 49, 9, 11, 60, 15, 27, 17, 19, 21, 22, 41, 23, 25, 47, 28, 30])
set([32, 51, 66, 3, 36, 38, 40, 9, 11, 45, 15, 17, 19, 21, 23, 24, 25, 27, 30, 53])
set([32, 57, 34, 3, 38, 49, 40, 9, 42, 11, 15, 17, 19, 21, 23, 72, 25, 26, 27, 55])
set([33, 3, 9, 13, 15, 19, 21, 23, 25, 29])
set([32, 33, 3, 36, 37, 40, 9, 43, 13, 15, 19, 20, 21, 54, 23, 25, 26, 47, 29, 30])
set([32, 33, 34, 3, 38, 9, 42, 51, 60, 13, 15, 19, 41, 22, 23, 25, 47, 28, 29, 21])
set([51, 34, 3, 36, 33, 40, 9, 66, 45, 44, 13, 15, 19, 55, 21, 23, 24, 25, 29, 30])
set([32, 33, 3, 36, 38, 72, 9, 42, 55, 13, 46, 15, 49, 19, 21, 23, 25, 26, 59, 29])
set([3, 36, 9, 14, 15, 20, 21, 25, 26, 31])
set([33, 3, 36, 38, 40, 9, 42, 14, 15, 16, 35, 20, 21, 22, 25, 26, 27, 28, 29, 31])
set([33, 3, 36, 39, 40, 9, 44, 14, 15, 48, 18, 35, 20, 21, 24, 25, 26, 29, 30, 31])
set([33, 34, 3, 36, 39, 9, 44, 52, 14, 15, 20, 21, 22, 41, 25, 26, 47, 28, 60, 31])
set([34, 3, 36, 40, 9, 43, 45, 14, 15, 49, 35, 20, 21, 54, 23, 25, 26, 63, 29, 31])
set([3, 9, 42, 15, 16, 35, 21, 22, 28, 29])
set([33, 3, 48, 37, 39, 9, 42, 44, 46, 15, 16, 18, 35, 21, 22, 24, 28, 29, 30, 31])
set([32, 33, 3, 37, 39, 9, 42, 43, 46, 15, 16, 50, 35, 20, 21, 22, 26, 54, 28, 29])
set([51, 66, 3, 36, 37, 9, 42, 43, 45, 15, 16, 50, 35, 21, 22, 24, 58, 28, 29, 30])
set([51, 3, 37, 38, 60, 9, 42, 44, 15, 16, 53, 35, 21, 22, 25, 47, 28, 29, 69, 31])
set([32, 3, 38, 39, 72, 9, 42, 45, 15, 16, 49, 35, 52, 21, 22, 55, 26, 28, 29, 62])
set([3, 37, 9, 45, 15, 17, 21, 23, 29, 31])
set([32, 33, 3, 37, 38, 39, 9, 45, 46, 15, 48, 17, 18, 21, 23, 24, 47, 29, 30, 31])
set([34, 3, 36, 37, 9, 42, 45, 60, 21, 15, 17, 50, 41, 22, 23, 55, 47, 28, 29, 31])
set([32, 3, 37, 38, 49, 40, 9, 55, 45, 46, 15, 17, 21, 54, 23, 72, 26, 63, 29, 31])
set([33, 3, 39, 9, 15, 48, 18, 21, 24, 30])
set([33, 34, 3, 35, 39, 40, 9, 50, 15, 48, 49, 18, 19, 21, 41, 24, 25, 51, 30, 31])
set([32, 33, 3, 37, 39, 9, 43, 50, 15, 48, 18, 35, 20, 21, 54, 41, 24, 52, 26, 30])
set([33, 34, 3, 37, 39, 9, 43, 60, 15, 48, 56, 18, 52, 21, 22, 41, 24, 47, 28, 30])
set([33, 3, 38, 39, 9, 43, 44, 15, 48, 49, 18, 35, 21, 23, 24, 58, 63, 29, 30, 53])
set([33, 3, 37, 39, 40, 9, 62, 46, 15, 48, 18, 69, 21, 55, 24, 25, 47, 53, 30, 31])
set([32, 33, 3, 38, 39, 64, 9, 55, 15, 48, 49, 18, 56, 21, 41, 24, 72, 26, 47, 30])
set([35, 3, 51, 9, 15, 19, 21, 41, 25, 31])
set([32, 35, 3, 36, 37, 51, 9, 42, 43, 15, 19, 20, 21, 54, 41, 25, 26, 52, 53, 31])
set([32, 35, 3, 38, 65, 72, 9, 42, 55, 15, 48, 49, 19, 21, 41, 25, 26, 51, 58, 31])
set([32, 3, 37, 9, 43, 15, 20, 21, 54, 26])
set([32, 34, 3, 37, 39, 54, 9, 43, 60, 45, 15, 20, 21, 22, 41, 56, 26, 47, 28, 58])
set([32, 66, 3, 36, 37, 9, 43, 45, 15, 51, 20, 21, 54, 41, 24, 62, 26, 47, 58, 30])
set([34, 3, 9, 60, 15, 21, 22, 41, 47, 28])
set([34, 3, 9, 42, 43, 60, 61, 63, 15, 48, 49, 35, 41, 22, 23, 47, 28, 29, 62, 21])
set([64, 34, 3, 36, 9, 66, 43, 60, 45, 15, 49, 51, 21, 22, 41, 24, 62, 47, 28, 30])
set([32, 64, 34, 3, 68, 38, 72, 9, 55, 60, 45, 15, 49, 51, 21, 22, 41, 26, 47, 28])
set([3, 9, 43, 15, 49, 35, 21, 23, 29, 63])
set([64, 51, 66, 3, 36, 65, 9, 43, 44, 45, 15, 49, 50, 35, 21, 23, 24, 29, 30, 63])
set([51, 67, 3, 37, 65, 9, 43, 45, 63, 15, 49, 53, 35, 21, 23, 25, 47, 29, 69, 31])
set([66, 3, 36, 9, 45, 15, 51, 21, 24, 30])
set([68, 66, 3, 36, 37, 9, 67, 45, 46, 15, 51, 52, 21, 69, 24, 25, 47, 53, 30, 31])
set([32, 66, 3, 36, 70, 38, 72, 9, 45, 15, 49, 51, 21, 55, 24, 68, 26, 47, 30, 53])
set([3, 37, 9, 15, 21, 25, 47, 53, 69, 31])
set([32, 3, 37, 38, 71, 72, 9, 15, 48, 49, 21, 54, 55, 25, 26, 47, 70, 53, 69, 31])
set([32, 3, 38, 72, 9, 15, 49, 21, 55, 26])
set([24, 17, 10, 3])
set([3, 10, 11, 17, 18, 19, 24, 25, 26, 27])
set([35, 3, 36, 37, 39, 10, 11, 46, 47, 17, 18, 19, 21, 57, 24, 25, 26, 27, 28, 29])
set([3, 36, 37, 38, 49, 41, 10, 11, 48, 17, 18, 19, 22, 24, 25, 26, 27, 60, 29, 30])
set([51, 3, 37, 38, 39, 63, 10, 11, 50, 17, 18, 19, 43, 23, 24, 25, 26, 27, 30, 31])
set([3, 10, 12, 17, 19, 21, 24, 26, 28, 30])
set([32, 33, 34, 3, 36, 40, 10, 12, 48, 17, 18, 19, 21, 24, 25, 26, 27, 28, 42, 30])
set([34, 3, 36, 37, 38, 44, 10, 12, 46, 17, 19, 20, 21, 54, 24, 26, 27, 28, 29, 30])
set([3, 36, 38, 40, 41, 10, 12, 60, 48, 17, 50, 19, 21, 22, 24, 26, 28, 29, 30, 31])
set([32, 34, 3, 69, 39, 41, 10, 43, 12, 47, 17, 19, 21, 54, 56, 24, 25, 26, 28, 30])
set([33, 3, 10, 13, 17, 20, 23, 24, 27, 30])
set([33, 3, 49, 38, 39, 41, 10, 13, 46, 17, 35, 20, 21, 23, 24, 57, 27, 28, 30, 31])
set([32, 33, 3, 36, 51, 39, 41, 10, 13, 48, 17, 42, 20, 22, 23, 24, 27, 60, 29, 30])
set([32, 33, 45, 3, 69, 39, 10, 13, 47, 17, 35, 20, 57, 54, 23, 24, 25, 27, 42, 30])
set([32, 3, 36, 10, 14, 17, 21, 24, 25, 28])
set([32, 33, 34, 3, 36, 37, 38, 39, 10, 14, 15, 17, 21, 22, 24, 25, 26, 27, 28, 29])
set([32, 35, 3, 36, 37, 51, 33, 41, 10, 46, 14, 17, 19, 21, 24, 25, 26, 28, 42, 30])
set([32, 34, 3, 36, 37, 38, 10, 44, 14, 48, 17, 20, 21, 54, 24, 25, 27, 28, 42, 31])
set([32, 34, 3, 36, 37, 41, 10, 43, 45, 14, 17, 50, 21, 54, 23, 24, 25, 28, 30, 63])
set([32, 33, 3, 36, 37, 49, 40, 60, 10, 44, 14, 48, 17, 21, 56, 24, 25, 26, 28, 72])
set([34, 3, 39, 10, 15, 17, 22, 24, 27, 29])
set([32, 33, 34, 3, 37, 39, 40, 10, 45, 15, 48, 17, 18, 42, 22, 24, 25, 27, 29, 30])
set([42, 35, 34, 3, 38, 33, 47, 10, 39, 43, 15, 17, 19, 22, 24, 26, 27, 51, 29, 31])
set([42, 34, 3, 37, 39, 47, 10, 43, 15, 17, 50, 35, 22, 23, 24, 55, 27, 29, 30, 63])
set([33, 34, 3, 38, 49, 40, 10, 39, 45, 15, 17, 50, 22, 56, 24, 61, 26, 27, 29, 72])
set([3, 36, 10, 16, 17, 42, 23, 24, 29, 30])
set([32, 33, 3, 36, 38, 48, 40, 10, 44, 46, 16, 17, 18, 42, 23, 24, 25, 29, 30, 31])
set([33, 34, 3, 36, 37, 40, 10, 44, 46, 16, 17, 50, 42, 20, 54, 23, 24, 27, 29, 30])
set([42, 34, 3, 36, 39, 41, 10, 46, 47, 16, 17, 35, 52, 21, 23, 24, 57, 28, 29, 30])
set([32, 51, 3, 36, 69, 38, 39, 10, 45, 47, 16, 17, 42, 54, 23, 24, 25, 60, 29, 30])
set([33, 3, 36, 49, 39, 40, 10, 46, 16, 17, 42, 56, 62, 72, 23, 24, 52, 26, 29, 30])
set([32, 33, 3, 40, 10, 48, 17, 18, 24, 25])
set([32, 33, 34, 3, 37, 40, 10, 44, 50, 48, 17, 18, 35, 20, 54, 24, 25, 27, 42, 52])
set([32, 33, 3, 36, 51, 39, 40, 10, 43, 46, 48, 17, 18, 35, 21, 54, 57, 24, 25, 28])
set([32, 33, 3, 37, 38, 48, 40, 10, 43, 45, 50, 17, 18, 53, 23, 24, 25, 58, 30, 63])
set([35, 3, 51, 33, 10, 17, 19, 24, 26, 42])
set([35, 34, 3, 36, 37, 51, 33, 10, 43, 44, 17, 19, 20, 53, 54, 24, 52, 26, 27, 42])
set([42, 35, 3, 36, 54, 38, 33, 41, 10, 45, 48, 17, 19, 22, 24, 57, 26, 60, 29, 51])
set([35, 3, 33, 51, 39, 63, 10, 43, 46, 17, 50, 19, 23, 24, 55, 26, 59, 42, 30, 37])
set([32, 35, 3, 69, 51, 33, 41, 10, 39, 47, 48, 17, 19, 54, 57, 24, 25, 26, 42, 63])
set([34, 3, 37, 10, 44, 17, 20, 54, 24, 27])
set([34, 3, 37, 38, 39, 10, 44, 45, 46, 17, 35, 20, 21, 54, 55, 24, 57, 56, 27, 28])
set([34, 3, 36, 37, 39, 54, 41, 10, 44, 46, 48, 17, 20, 22, 56, 24, 58, 27, 60, 29])
set([33, 34, 3, 37, 49, 40, 10, 43, 44, 66, 17, 50, 20, 54, 56, 24, 72, 26, 27, 60])
set([3, 39, 10, 46, 17, 35, 21, 24, 57, 28])
set([3, 36, 39, 40, 41, 10, 60, 46, 47, 48, 17, 35, 21, 22, 24, 57, 58, 59, 28, 29])
set([3, 37, 39, 41, 10, 43, 46, 48, 17, 50, 35, 21, 23, 24, 57, 59, 28, 61, 30, 63])
set([33, 67, 3, 49, 51, 39, 40, 10, 44, 46, 17, 35, 72, 21, 56, 24, 57, 26, 28, 62])
set([3, 36, 41, 10, 48, 17, 22, 24, 60, 29])
set([3, 36, 37, 49, 41, 10, 43, 61, 48, 17, 50, 42, 62, 22, 23, 24, 60, 29, 30, 63])
set([32, 66, 3, 36, 54, 39, 41, 10, 44, 47, 48, 17, 51, 22, 24, 25, 60, 29, 69, 63])
set([64, 33, 3, 36, 49, 40, 41, 10, 45, 48, 17, 52, 22, 56, 24, 68, 26, 60, 29, 72])
set([3, 37, 10, 43, 17, 50, 23, 24, 30, 63])
set([32, 65, 3, 37, 39, 10, 43, 45, 47, 17, 50, 67, 52, 54, 23, 24, 25, 69, 30, 63])
set([33, 66, 3, 37, 49, 40, 10, 43, 46, 69, 17, 50, 56, 53, 23, 24, 72, 26, 30, 63])
set([32, 3, 69, 39, 10, 47, 17, 54, 24, 25])
set([32, 33, 3, 69, 70, 49, 40, 10, 39, 71, 47, 48, 17, 56, 54, 55, 24, 25, 26, 72])
set([33, 3, 17, 40, 10, 49, 56, 24, 72, 26])
set([11, 19, 3, 27])
set([3, 11, 12, 19, 20, 21, 27, 28, 29, 30])
set([33, 34, 3, 35, 39, 40, 11, 12, 45, 17, 19, 20, 21, 25, 26, 27, 28, 29, 30, 31])
set([32, 51, 3, 39, 40, 41, 11, 12, 63, 43, 19, 20, 21, 23, 52, 27, 28, 29, 30, 31])
set([32, 33, 66, 3, 40, 41, 42, 11, 12, 45, 19, 20, 21, 54, 24, 27, 28, 29, 30, 53])
set([33, 34, 3, 69, 41, 42, 11, 12, 47, 43, 19, 20, 21, 55, 56, 25, 27, 28, 29, 30])
set([58, 35, 34, 3, 72, 44, 42, 11, 12, 49, 19, 20, 21, 43, 57, 26, 27, 28, 29, 30])
set([33, 3, 11, 13, 19, 21, 23, 27, 29, 31])
set([33, 3, 36, 37, 38, 40, 47, 11, 13, 45, 19, 20, 21, 54, 23, 27, 28, 29, 30, 31])
set([32, 33, 3, 38, 40, 41, 42, 11, 13, 60, 49, 19, 21, 22, 23, 27, 51, 29, 30, 31])
set([32, 33, 34, 3, 66, 40, 42, 11, 44, 13, 45, 53, 19, 21, 23, 24, 55, 27, 29, 31])
set([33, 34, 3, 36, 72, 42, 11, 44, 13, 46, 49, 19, 21, 59, 23, 57, 26, 27, 29, 31])
set([33, 3, 36, 11, 14, 19, 22, 25, 27, 30])
set([32, 33, 3, 36, 37, 39, 40, 11, 14, 47, 43, 50, 19, 21, 22, 57, 25, 27, 29, 30])
set([33, 34, 3, 36, 54, 51, 39, 63, 42, 11, 45, 14, 43, 19, 22, 23, 25, 27, 30, 31])
set([32, 35, 66, 3, 36, 33, 40, 11, 45, 14, 43, 19, 56, 53, 22, 46, 24, 25, 27, 30])
set([33, 34, 3, 36, 37, 72, 42, 11, 45, 14, 48, 49, 19, 22, 57, 25, 26, 27, 60, 30])
set([32, 3, 37, 42, 11, 16, 19, 24, 27, 29])
set([32, 33, 3, 37, 38, 39, 42, 11, 44, 45, 16, 17, 19, 43, 24, 25, 27, 29, 30, 31])
set([32, 33, 34, 3, 48, 37, 39, 41, 42, 11, 44, 46, 16, 18, 19, 24, 26, 27, 29, 31])
set([32, 35, 3, 48, 37, 38, 49, 54, 41, 42, 11, 16, 43, 19, 22, 24, 27, 60, 29, 30])
set([32, 51, 3, 36, 37, 39, 63, 42, 11, 44, 16, 43, 19, 56, 23, 24, 49, 27, 29, 31])
set([32, 33, 3, 37, 38, 41, 42, 11, 46, 47, 16, 19, 55, 24, 25, 27, 60, 29, 69, 51])
set([33, 3, 39, 11, 45, 17, 19, 25, 27, 31])
set([33, 3, 36, 49, 38, 39, 41, 11, 44, 45, 17, 50, 19, 22, 55, 25, 27, 60, 30, 31])
set([33, 34, 3, 49, 40, 63, 42, 11, 45, 48, 17, 19, 54, 57, 72, 25, 26, 27, 39, 31])
set([33, 34, 3, 41, 11, 48, 18, 19, 26, 27])
set([33, 34, 3, 36, 37, 35, 54, 41, 11, 45, 48, 43, 18, 19, 20, 50, 52, 26, 27, 28])
set([33, 34, 3, 36, 37, 51, 39, 41, 11, 44, 47, 48, 18, 19, 21, 54, 57, 26, 27, 29])
set([33, 34, 3, 63, 38, 39, 41, 11, 46, 48, 43, 18, 19, 53, 23, 26, 27, 51, 58, 31])
set([32, 33, 34, 3, 66, 39, 40, 41, 11, 45, 47, 48, 18, 19, 53, 54, 24, 26, 27, 60])
set([3, 36, 37, 11, 45, 19, 20, 54, 27, 28])
set([3, 36, 37, 38, 39, 54, 41, 11, 60, 45, 47, 49, 19, 20, 22, 56, 58, 27, 28, 30])
set([51, 3, 36, 37, 39, 40, 60, 11, 45, 63, 48, 43, 19, 20, 54, 23, 57, 27, 28, 31])
set([64, 33, 3, 36, 37, 41, 42, 11, 45, 47, 59, 50, 19, 20, 54, 55, 25, 27, 28, 69])
set([51, 34, 3, 36, 37, 49, 72, 60, 42, 11, 45, 43, 19, 20, 66, 54, 57, 26, 27, 28])
set([3, 37, 39, 11, 47, 19, 21, 57, 27, 29])
set([3, 37, 38, 39, 40, 41, 11, 59, 47, 48, 49, 19, 21, 22, 57, 58, 27, 60, 29, 30])
set([32, 66, 3, 37, 39, 40, 63, 42, 11, 45, 47, 50, 19, 21, 24, 57, 27, 60, 29, 53])
set([3, 38, 41, 11, 49, 19, 22, 27, 60, 30])
set([51, 3, 49, 38, 39, 41, 42, 11, 63, 43, 50, 19, 62, 22, 23, 27, 60, 61, 30, 31])
set([32, 51, 66, 3, 38, 49, 40, 41, 11, 45, 64, 43, 19, 53, 22, 24, 62, 27, 60, 30])
set([51, 3, 39, 63, 11, 43, 19, 23, 27, 31])
set([32, 51, 66, 3, 65, 39, 40, 63, 11, 44, 45, 64, 43, 19, 52, 53, 23, 24, 27, 31])
set([33, 67, 3, 69, 51, 39, 41, 11, 45, 63, 47, 43, 19, 53, 23, 25, 27, 65, 55, 31])
set([51, 34, 3, 69, 49, 72, 63, 42, 11, 66, 46, 43, 19, 57, 54, 23, 39, 26, 27, 31])
set([32, 66, 3, 40, 11, 45, 19, 53, 24, 27])
set([32, 33, 66, 3, 68, 69, 40, 41, 11, 45, 46, 47, 19, 53, 54, 55, 24, 25, 27, 67])
set([32, 68, 34, 3, 66, 70, 40, 42, 11, 45, 47, 49, 19, 53, 55, 24, 57, 26, 27, 72])
set([33, 3, 69, 41, 11, 47, 19, 55, 25, 27])
set([33, 34, 3, 69, 70, 71, 72, 41, 42, 11, 47, 48, 49, 19, 57, 55, 56, 25, 26, 27])
set([34, 3, 72, 42, 11, 49, 19, 57, 26, 27])
set([3, 12, 21, 30])
set([32, 33, 3, 12, 13, 21, 22, 23, 30, 31])
set([32, 33, 34, 3, 36, 38, 39, 42, 12, 13, 16, 35, 21, 22, 23, 25, 26, 29, 30, 31])
set([32, 35, 51, 3, 37, 38, 33, 44, 39, 12, 13, 45, 19, 21, 22, 23, 28, 29, 30, 31])
set([32, 33, 34, 3, 69, 44, 57, 43, 12, 13, 47, 35, 45, 21, 22, 23, 56, 25, 30, 31])
set([32, 33, 3, 36, 72, 44, 12, 13, 46, 45, 49, 35, 21, 22, 23, 26, 59, 58, 30, 31])
set([32, 34, 3, 36, 12, 14, 21, 23, 25, 30])
set([32, 34, 3, 36, 37, 39, 40, 42, 12, 45, 14, 17, 35, 21, 23, 25, 26, 28, 30, 31])
set([32, 34, 3, 36, 37, 38, 40, 42, 46, 12, 14, 48, 20, 21, 54, 23, 25, 29, 30, 31])
set([32, 33, 34, 3, 36, 40, 41, 42, 12, 14, 44, 50, 52, 21, 22, 23, 25, 60, 30, 31])
set([32, 33, 34, 3, 36, 66, 44, 42, 46, 12, 45, 14, 56, 35, 21, 54, 23, 24, 25, 30])
set([32, 34, 3, 36, 37, 72, 44, 46, 12, 14, 48, 49, 35, 21, 23, 25, 26, 60, 58, 30])
set([33, 3, 36, 39, 12, 15, 21, 24, 27, 30])
set([33, 34, 3, 36, 37, 38, 39, 40, 41, 42, 12, 15, 16, 21, 24, 25, 27, 28, 29, 30])
set([33, 3, 36, 38, 39, 40, 41, 43, 12, 45, 15, 17, 35, 21, 24, 26, 27, 29, 30, 31])
set([35, 3, 36, 37, 51, 33, 40, 44, 39, 12, 47, 15, 43, 19, 21, 24, 27, 28, 30, 31])
set([32, 33, 3, 36, 37, 38, 39, 41, 12, 46, 15, 49, 44, 20, 21, 54, 24, 27, 29, 30])
set([33, 34, 3, 36, 39, 40, 41, 43, 12, 46, 15, 50, 21, 22, 24, 27, 60, 53, 30, 31])
set([32, 33, 3, 36, 39, 41, 43, 12, 47, 15, 35, 52, 21, 23, 24, 55, 27, 44, 30, 63])
set([33, 34, 3, 36, 37, 39, 47, 43, 12, 46, 15, 56, 21, 59, 24, 25, 49, 27, 30, 69])
set([33, 3, 36, 38, 39, 72, 44, 12, 61, 47, 15, 49, 50, 35, 21, 24, 26, 27, 58, 30])
set([34, 3, 38, 42, 12, 16, 21, 25, 29, 30])
set([32, 35, 34, 3, 37, 38, 48, 41, 42, 12, 45, 44, 16, 19, 21, 25, 28, 29, 30, 51])
set([48, 34, 3, 54, 38, 40, 41, 42, 12, 44, 16, 50, 35, 21, 22, 25, 60, 29, 30, 31])
set([32, 34, 3, 36, 38, 41, 42, 43, 12, 45, 16, 49, 52, 21, 23, 56, 25, 29, 30, 63])
set([58, 48, 34, 3, 38, 39, 72, 44, 42, 62, 12, 16, 49, 35, 52, 21, 25, 26, 29, 30])
set([3, 40, 12, 45, 17, 35, 21, 26, 30, 31])
set([32, 33, 3, 36, 40, 41, 42, 12, 45, 46, 47, 48, 17, 18, 35, 21, 26, 27, 30, 31])
set([51, 34, 3, 37, 38, 40, 43, 12, 45, 46, 48, 17, 35, 20, 21, 54, 26, 29, 30, 31])
set([32, 51, 3, 37, 40, 41, 43, 12, 45, 46, 17, 35, 52, 21, 23, 57, 26, 63, 30, 31])
set([34, 3, 69, 39, 40, 43, 12, 45, 47, 48, 17, 35, 21, 61, 56, 25, 26, 53, 30, 31])
set([33, 3, 36, 42, 12, 48, 18, 21, 27, 30])
set([33, 34, 3, 36, 37, 35, 44, 42, 43, 12, 50, 48, 49, 18, 19, 21, 27, 28, 30, 51])
set([33, 3, 36, 37, 38, 44, 42, 12, 50, 46, 48, 18, 35, 20, 21, 54, 52, 27, 29, 30])
set([33, 3, 36, 37, 40, 41, 42, 12, 50, 46, 48, 18, 52, 21, 22, 56, 27, 60, 30, 31])
set([32, 33, 3, 36, 38, 41, 42, 43, 12, 63, 47, 48, 18, 52, 21, 23, 58, 27, 30, 53])
set([33, 34, 3, 36, 69, 40, 42, 43, 12, 47, 48, 49, 18, 62, 21, 55, 56, 25, 27, 30])
set([64, 33, 3, 36, 72, 41, 42, 12, 50, 44, 48, 49, 18, 35, 21, 56, 26, 27, 58, 30])
set([35, 3, 37, 51, 44, 12, 19, 21, 28, 30])
set([35, 3, 37, 38, 40, 41, 12, 51, 54, 44, 50, 19, 21, 22, 57, 47, 28, 60, 30, 31])
set([32, 35, 3, 37, 51, 39, 41, 43, 12, 44, 48, 19, 52, 21, 23, 55, 59, 28, 30, 63])
set([33, 66, 3, 37, 35, 40, 44, 42, 12, 45, 49, 19, 21, 54, 56, 24, 28, 61, 30, 51])
set([35, 34, 3, 37, 51, 41, 43, 12, 47, 50, 19, 69, 21, 57, 56, 25, 28, 44, 30, 63])
set([3, 37, 38, 12, 46, 20, 21, 54, 29, 30])
set([3, 37, 38, 39, 40, 41, 12, 46, 48, 50, 20, 21, 22, 56, 58, 54, 60, 29, 30, 31])
set([32, 3, 37, 38, 40, 41, 57, 43, 12, 46, 49, 20, 21, 54, 23, 52, 60, 29, 30, 63])
set([64, 34, 3, 37, 38, 42, 43, 12, 46, 47, 51, 20, 21, 54, 56, 25, 59, 29, 30, 69])
set([58, 66, 3, 37, 38, 72, 44, 43, 12, 46, 49, 35, 20, 21, 54, 52, 26, 60, 29, 30])
set([3, 40, 41, 12, 50, 21, 22, 60, 30, 31])
set([64, 33, 66, 3, 54, 40, 41, 42, 43, 12, 45, 50, 52, 21, 22, 24, 62, 60, 30, 31])
set([34, 3, 69, 40, 41, 43, 12, 66, 63, 44, 50, 21, 22, 56, 25, 47, 60, 53, 30, 31])
set([64, 3, 68, 54, 40, 41, 12, 45, 44, 49, 50, 35, 21, 22, 72, 26, 60, 58, 30, 31])
set([32, 3, 41, 43, 12, 52, 21, 23, 30, 63])
set([32, 33, 66, 3, 65, 64, 44, 41, 43, 12, 45, 52, 21, 54, 23, 24, 63, 42, 30, 53])
set([32, 66, 3, 69, 72, 41, 43, 12, 46, 44, 49, 35, 52, 21, 23, 55, 26, 58, 30, 63])
set([33, 66, 3, 42, 12, 45, 21, 54, 24, 30])
set([68, 33, 34, 3, 66, 69, 42, 43, 12, 45, 46, 47, 56, 67, 21, 54, 55, 24, 25, 30])
set([33, 66, 3, 68, 70, 72, 44, 42, 12, 45, 47, 49, 35, 21, 54, 56, 24, 26, 58, 30])
set([34, 3, 69, 43, 12, 47, 21, 56, 25, 30])
set([34, 3, 69, 70, 71, 72, 44, 43, 12, 47, 48, 49, 35, 21, 57, 56, 25, 26, 58, 30])
set([35, 72, 44, 12, 49, 3, 21, 26, 58, 30])
set([33, 3, 13, 23])
set([33, 34, 3, 36, 13, 14, 35, 23, 24, 25])
set([33, 34, 3, 36, 37, 38, 39, 41, 42, 13, 14, 45, 17, 35, 23, 24, 25, 27, 28, 31])
set([33, 34, 3, 36, 37, 40, 41, 42, 13, 14, 47, 48, 35, 20, 54, 23, 24, 25, 30, 31])
set([32, 33, 34, 3, 36, 57, 39, 41, 42, 43, 13, 14, 49, 50, 35, 21, 23, 24, 25, 31])
set([33, 3, 37, 39, 13, 15, 35, 23, 25, 27])
set([32, 33, 34, 3, 37, 51, 39, 41, 42, 44, 13, 46, 15, 35, 53, 22, 23, 25, 27, 60])
set([33, 34, 3, 36, 37, 39, 66, 45, 44, 13, 46, 15, 48, 35, 57, 23, 24, 25, 27, 55])
set([33, 3, 36, 37, 38, 39, 72, 13, 46, 15, 48, 49, 50, 35, 59, 23, 25, 26, 27, 61])
set([33, 3, 36, 39, 42, 13, 16, 23, 26, 29])
set([33, 3, 36, 37, 39, 40, 41, 42, 43, 44, 13, 45, 16, 17, 23, 26, 27, 29, 30, 31])
set([33, 34, 3, 36, 37, 39, 42, 55, 44, 13, 45, 16, 50, 58, 66, 23, 24, 26, 47, 29])
set([42, 33, 45, 3, 36, 69, 38, 39, 57, 13, 47, 16, 35, 48, 23, 25, 26, 60, 29, 51])
set([33, 3, 37, 41, 13, 45, 17, 23, 27, 31])
set([33, 3, 36, 37, 49, 40, 41, 63, 13, 46, 45, 17, 50, 54, 59, 23, 72, 26, 27, 31])
set([3, 33, 35, 51, 39, 13, 45, 19, 23, 29])
set([35, 3, 36, 37, 51, 33, 40, 39, 13, 46, 45, 19, 20, 53, 54, 23, 52, 47, 29, 30])
set([58, 35, 3, 36, 51, 33, 72, 42, 39, 13, 46, 45, 49, 19, 52, 23, 26, 59, 29, 65])
set([33, 3, 37, 40, 13, 47, 20, 54, 23, 30])
set([33, 3, 37, 38, 39, 40, 41, 55, 13, 47, 48, 49, 20, 21, 54, 23, 56, 57, 30, 31])
set([32, 33, 3, 37, 39, 40, 41, 42, 13, 47, 49, 51, 20, 22, 23, 56, 58, 54, 60, 30])
set([33, 34, 3, 66, 37, 40, 41, 55, 44, 13, 45, 51, 20, 62, 54, 23, 24, 58, 47, 30])
set([33, 66, 3, 36, 37, 40, 43, 13, 46, 47, 49, 20, 53, 54, 23, 72, 26, 59, 60, 30])
set([33, 3, 39, 41, 13, 49, 21, 23, 57, 31])
set([33, 34, 3, 66, 39, 41, 42, 55, 44, 13, 45, 49, 52, 21, 23, 24, 57, 63, 60, 31])
set([32, 33, 3, 41, 42, 13, 51, 22, 23, 60])
set([32, 33, 34, 3, 66, 64, 41, 42, 43, 44, 13, 45, 51, 53, 22, 23, 24, 55, 60, 62])
set([32, 33, 45, 3, 66, 54, 51, 41, 42, 44, 13, 47, 35, 57, 22, 23, 25, 60, 69, 63])
set([32, 33, 3, 36, 64, 41, 42, 55, 13, 46, 45, 49, 51, 22, 23, 72, 68, 26, 59, 60])
set([33, 34, 3, 66, 55, 44, 45, 13, 23, 24])
set([68, 33, 34, 3, 36, 70, 72, 55, 44, 13, 46, 45, 49, 66, 59, 23, 24, 57, 26, 47])
set([33, 45, 3, 69, 13, 47, 35, 57, 23, 25])
set([33, 45, 3, 36, 69, 70, 71, 72, 13, 46, 47, 48, 49, 35, 57, 23, 25, 26, 59, 58])
set([33, 3, 36, 72, 13, 46, 49, 23, 26, 59])
set([25, 3, 36, 14])
set([3, 36, 37, 38, 39, 14, 15, 25, 26, 27])
set([33, 3, 36, 37, 38, 39, 40, 41, 42, 44, 45, 14, 15, 48, 18, 25, 26, 27, 29, 30])
set([47, 35, 3, 36, 37, 38, 39, 41, 42, 43, 14, 15, 19, 46, 25, 26, 27, 51, 30, 31])
set([33, 34, 3, 36, 37, 38, 39, 41, 44, 45, 14, 15, 52, 46, 22, 25, 26, 27, 60, 53])
set([34, 3, 36, 37, 38, 39, 47, 43, 45, 14, 15, 35, 46, 54, 23, 25, 26, 27, 55, 63])
set([3, 36, 38, 40, 42, 14, 16, 25, 27, 29])
set([32, 35, 3, 36, 38, 48, 40, 41, 42, 43, 45, 14, 16, 19, 46, 25, 27, 29, 30, 51])
set([32, 34, 3, 36, 38, 39, 40, 42, 43, 45, 14, 47, 16, 50, 52, 21, 57, 25, 27, 29])
set([33, 3, 36, 54, 38, 48, 40, 41, 42, 44, 14, 16, 35, 52, 46, 22, 25, 27, 60, 29])
set([48, 66, 3, 36, 37, 38, 40, 42, 45, 14, 16, 56, 50, 35, 46, 24, 25, 58, 27, 29])
set([48, 3, 36, 37, 38, 39, 40, 42, 14, 16, 49, 50, 52, 72, 25, 26, 27, 60, 29, 62])
set([3, 36, 39, 42, 45, 14, 17, 25, 28, 31])
set([32, 33, 3, 36, 39, 40, 42, 43, 44, 45, 14, 47, 48, 17, 18, 46, 25, 28, 29, 31])
set([33, 51, 3, 36, 49, 35, 39, 41, 42, 44, 45, 14, 47, 17, 19, 46, 25, 28, 30, 31])
set([3, 36, 37, 49, 40, 60, 42, 39, 45, 14, 48, 17, 51, 54, 72, 25, 26, 63, 28, 31])
set([33, 3, 36, 40, 44, 14, 48, 18, 25, 29])
set([33, 34, 3, 36, 35, 40, 41, 44, 45, 14, 48, 49, 18, 19, 46, 50, 25, 29, 30, 51])
set([33, 34, 3, 36, 38, 40, 43, 44, 45, 14, 48, 49, 18, 53, 54, 23, 25, 58, 29, 63])
set([33, 66, 3, 36, 39, 40, 48, 44, 45, 14, 50, 56, 18, 35, 46, 54, 24, 25, 60, 29])
set([35, 3, 36, 51, 41, 14, 19, 46, 25, 30])
set([32, 35, 3, 36, 37, 51, 39, 41, 57, 43, 14, 48, 50, 19, 21, 55, 46, 25, 30, 53])
set([35, 34, 3, 36, 51, 39, 41, 43, 45, 14, 50, 19, 55, 46, 54, 23, 25, 59, 30, 63])
set([35, 3, 36, 37, 51, 65, 72, 41, 42, 14, 48, 49, 19, 46, 25, 26, 60, 58, 30, 53])
set([3, 36, 37, 42, 14, 48, 20, 54, 25, 31])
set([32, 3, 36, 37, 38, 39, 42, 43, 14, 48, 49, 50, 57, 20, 21, 54, 55, 56, 25, 31])
set([33, 3, 36, 37, 39, 41, 42, 44, 14, 60, 48, 50, 20, 22, 56, 25, 58, 54, 52, 31])
set([66, 3, 36, 37, 41, 42, 45, 14, 48, 56, 35, 20, 46, 54, 24, 25, 58, 52, 62, 31])
set([32, 3, 36, 39, 43, 14, 50, 21, 57, 25])
set([32, 33, 3, 36, 39, 40, 41, 43, 44, 14, 50, 51, 52, 21, 22, 57, 25, 58, 59, 60])
set([32, 66, 3, 36, 39, 42, 43, 45, 14, 56, 50, 35, 21, 57, 24, 25, 63, 60, 46, 53])
set([32, 3, 36, 37, 39, 72, 57, 43, 44, 14, 48, 49, 50, 67, 21, 55, 25, 26, 60, 62])
set([33, 3, 36, 41, 44, 14, 52, 22, 25, 60])
set([33, 34, 3, 36, 54, 41, 42, 43, 44, 45, 14, 52, 53, 22, 23, 25, 60, 61, 62, 63])
set([64, 33, 66, 3, 36, 54, 41, 43, 44, 45, 14, 56, 35, 52, 46, 22, 24, 25, 60, 62])
set([34, 3, 36, 43, 45, 14, 54, 23, 25, 63])
set([34, 3, 36, 37, 72, 57, 43, 45, 14, 48, 49, 66, 46, 54, 23, 25, 26, 60, 69, 63])
set([66, 3, 36, 45, 14, 56, 35, 46, 24, 25])
set([68, 66, 3, 36, 37, 70, 72, 45, 14, 47, 48, 49, 35, 46, 56, 24, 25, 26, 60, 58])
set([3, 36, 37, 72, 14, 48, 49, 25, 26, 60])
set([27, 39, 3, 15])
set([3, 39, 40, 41, 42, 15, 16, 27, 28, 29])
set([32, 35, 3, 48, 51, 39, 40, 41, 42, 43, 44, 45, 47, 15, 16, 19, 27, 28, 29, 31])
set([32, 33, 3, 37, 39, 40, 41, 42, 44, 45, 46, 15, 16, 49, 50, 20, 54, 27, 28, 29])
set([48, 3, 36, 39, 40, 47, 42, 43, 15, 16, 49, 35, 41, 23, 56, 55, 27, 28, 29, 63])
set([48, 66, 3, 36, 37, 39, 40, 41, 42, 45, 15, 16, 49, 50, 24, 57, 58, 27, 28, 29])
set([3, 37, 38, 39, 40, 47, 42, 60, 15, 16, 49, 50, 51, 59, 41, 25, 27, 28, 29, 69])
set([3, 39, 41, 43, 45, 15, 17, 27, 29, 31])
set([32, 34, 3, 37, 39, 41, 43, 44, 45, 46, 15, 48, 17, 51, 20, 54, 49, 27, 29, 31])
set([45, 3, 54, 38, 49, 40, 41, 39, 61, 63, 15, 17, 50, 52, 43, 72, 26, 27, 29, 31])
set([33, 3, 39, 42, 45, 15, 48, 18, 27, 30])
set([33, 34, 3, 35, 39, 47, 42, 43, 45, 46, 15, 48, 49, 18, 19, 50, 27, 51, 30, 31])
set([32, 33, 3, 37, 39, 54, 47, 42, 44, 45, 15, 48, 49, 18, 35, 20, 50, 52, 27, 30])
set([33, 34, 3, 37, 39, 41, 42, 45, 46, 15, 48, 49, 18, 52, 53, 22, 56, 27, 60, 30])
set([33, 3, 48, 38, 39, 47, 42, 43, 45, 15, 50, 18, 35, 53, 23, 55, 58, 27, 30, 63])
set([33, 3, 37, 39, 40, 47, 42, 45, 15, 48, 49, 18, 52, 62, 59, 55, 25, 27, 30, 69])
set([64, 33, 45, 3, 38, 39, 72, 41, 42, 50, 15, 48, 49, 18, 53, 56, 26, 27, 61, 30])
set([35, 3, 51, 39, 47, 43, 15, 19, 27, 31])
set([32, 35, 3, 36, 37, 51, 39, 47, 43, 44, 15, 48, 49, 19, 20, 53, 54, 52, 27, 31])
set([35, 34, 3, 47, 54, 38, 39, 41, 43, 60, 46, 15, 50, 19, 53, 22, 57, 27, 51, 31])
set([35, 66, 3, 36, 51, 39, 40, 47, 43, 45, 15, 48, 56, 19, 52, 24, 57, 27, 61, 31])
set([58, 35, 3, 38, 39, 72, 47, 42, 43, 65, 15, 49, 50, 19, 54, 26, 27, 51, 61, 31])
set([32, 3, 37, 39, 44, 15, 49, 20, 54, 27])
set([32, 3, 37, 39, 40, 47, 43, 44, 15, 49, 35, 20, 57, 54, 23, 52, 27, 60, 55, 63])
set([32, 66, 3, 36, 37, 39, 41, 44, 45, 15, 48, 49, 20, 53, 54, 24, 57, 58, 27, 62])
set([34, 3, 39, 41, 46, 15, 53, 22, 27, 60])
set([34, 3, 47, 54, 39, 41, 42, 43, 46, 15, 35, 53, 22, 23, 55, 27, 60, 61, 62, 63])
set([64, 34, 3, 36, 39, 41, 66, 43, 45, 46, 15, 48, 53, 22, 55, 24, 57, 27, 60, 62])
set([34, 3, 63, 37, 39, 41, 44, 66, 47, 15, 49, 46, 22, 56, 25, 27, 60, 59, 69, 53])
set([64, 34, 3, 68, 38, 39, 72, 41, 45, 46, 15, 49, 50, 53, 22, 57, 26, 27, 60, 61])
set([3, 39, 47, 43, 15, 35, 23, 55, 27, 63])
set([64, 65, 66, 3, 36, 39, 47, 43, 44, 45, 15, 48, 56, 35, 57, 23, 24, 55, 27, 63])
set([66, 3, 69, 38, 39, 72, 47, 43, 61, 46, 15, 49, 50, 35, 23, 55, 26, 27, 58, 63])
set([66, 3, 36, 39, 45, 15, 48, 24, 57, 27])
set([68, 66, 3, 36, 37, 39, 47, 45, 46, 15, 48, 49, 67, 59, 57, 24, 25, 58, 27, 69])
set([68, 66, 3, 36, 70, 38, 39, 72, 47, 45, 15, 48, 49, 50, 59, 24, 57, 26, 27, 61])
set([3, 37, 39, 15, 47, 49, 59, 25, 27, 69])
set([3, 38, 39, 72, 15, 49, 50, 26, 27, 61])
set([16, 42, 3, 29])
set([3, 42, 43, 44, 45, 16, 17, 29, 30, 31])
set([33, 34, 3, 37, 48, 42, 43, 44, 45, 46, 47, 16, 17, 50, 51, 20, 54, 29, 30, 31])
set([48, 34, 3, 49, 39, 42, 43, 44, 45, 47, 16, 17, 53, 35, 52, 21, 57, 29, 30, 31])
set([48, 3, 36, 54, 49, 41, 42, 43, 44, 45, 16, 17, 50, 35, 22, 55, 60, 29, 30, 31])
set([61, 3, 69, 38, 39, 42, 43, 44, 45, 47, 16, 17, 51, 52, 53, 25, 60, 29, 30, 31])
set([3, 49, 39, 40, 42, 43, 44, 45, 16, 17, 52, 53, 54, 62, 72, 26, 63, 29, 30, 31])
set([33, 3, 48, 42, 44, 46, 16, 18, 29, 31])
set([33, 34, 3, 36, 51, 39, 42, 44, 46, 47, 16, 49, 18, 48, 52, 21, 54, 57, 29, 31])
set([33, 3, 36, 38, 48, 42, 43, 44, 46, 16, 49, 18, 51, 53, 23, 56, 58, 63, 29, 31])
set([33, 66, 3, 48, 37, 39, 42, 44, 45, 46, 16, 50, 18, 52, 54, 24, 58, 60, 29, 31])
set([33, 3, 69, 38, 48, 40, 42, 44, 46, 47, 16, 18, 51, 53, 55, 25, 60, 29, 62, 31])
set([64, 33, 3, 48, 39, 72, 41, 42, 44, 46, 16, 49, 18, 52, 54, 56, 26, 29, 62, 31])
set([32, 35, 3, 51, 48, 42, 45, 16, 19, 29])
set([32, 33, 3, 36, 37, 35, 48, 42, 45, 46, 16, 49, 50, 19, 20, 53, 54, 52, 29, 51])
set([32, 35, 34, 3, 48, 37, 51, 39, 42, 45, 47, 16, 50, 19, 52, 21, 55, 57, 29, 53])
set([32, 35, 3, 36, 51, 39, 42, 43, 45, 16, 49, 19, 52, 48, 23, 56, 55, 59, 29, 63])
set([33, 3, 37, 42, 46, 16, 50, 20, 54, 29])
set([57, 33, 34, 3, 37, 38, 39, 42, 46, 47, 16, 50, 51, 20, 21, 54, 55, 56, 52, 29])
set([33, 3, 36, 37, 40, 42, 43, 46, 16, 49, 50, 20, 53, 54, 23, 56, 57, 60, 29, 63])
set([33, 66, 3, 37, 39, 72, 42, 43, 46, 16, 49, 50, 20, 54, 56, 52, 26, 60, 29, 62])
set([34, 3, 39, 42, 47, 16, 52, 21, 57, 29])
set([48, 34, 3, 54, 39, 40, 41, 42, 47, 16, 35, 52, 21, 22, 57, 58, 59, 60, 29, 53])
set([34, 3, 36, 39, 41, 42, 43, 61, 47, 16, 49, 52, 21, 54, 23, 56, 57, 59, 29, 63])
set([48, 35, 54, 41, 42, 16, 3, 22, 60, 29])
set([64, 48, 66, 3, 37, 41, 42, 43, 45, 16, 56, 50, 35, 22, 24, 58, 54, 60, 29, 62])
set([58, 48, 35, 68, 54, 39, 64, 41, 42, 45, 16, 49, 3, 52, 22, 72, 26, 60, 29, 62])
set([3, 36, 42, 43, 16, 49, 23, 56, 29, 63])
set([64, 65, 66, 3, 36, 37, 42, 43, 44, 45, 16, 49, 50, 56, 23, 24, 57, 58, 29, 63])
set([65, 67, 3, 36, 69, 38, 42, 43, 45, 47, 16, 49, 51, 23, 56, 25, 58, 60, 29, 63])
set([66, 3, 37, 42, 45, 16, 50, 24, 58, 29])
set([66, 3, 68, 37, 38, 42, 67, 45, 46, 47, 16, 50, 51, 24, 25, 58, 59, 60, 29, 69])
set([66, 3, 68, 37, 70, 39, 72, 42, 45, 47, 16, 49, 50, 58, 52, 24, 26, 60, 29, 62])
set([3, 69, 38, 42, 47, 16, 51, 25, 60, 29])
set([48, 70, 3, 69, 38, 39, 72, 42, 71, 61, 47, 16, 49, 51, 52, 25, 26, 60, 29, 62])
set([3, 39, 72, 42, 16, 49, 52, 26, 29, 62])
set([17, 3, 45, 31])
set([32, 33, 3, 45, 46, 47, 48, 17, 18, 31])
set([32, 33, 3, 36, 49, 51, 39, 48, 45, 46, 47, 50, 17, 18, 35, 21, 54, 57, 53, 31])
set([32, 33, 3, 36, 37, 48, 41, 45, 46, 47, 50, 17, 18, 51, 52, 22, 55, 56, 60, 31])
set([32, 33, 3, 37, 38, 43, 45, 46, 47, 48, 17, 18, 51, 52, 53, 23, 57, 58, 63, 31])
set([32, 33, 3, 64, 49, 40, 41, 45, 46, 47, 48, 17, 18, 54, 55, 56, 72, 26, 63, 31])
set([33, 3, 35, 49, 45, 47, 17, 19, 51, 31])
set([33, 3, 36, 38, 35, 49, 41, 60, 45, 47, 17, 50, 19, 52, 22, 55, 57, 54, 51, 31])
set([34, 3, 37, 45, 48, 17, 51, 20, 54, 31])
set([51, 34, 3, 37, 38, 39, 57, 45, 48, 17, 35, 20, 21, 54, 55, 56, 52, 49, 53, 31])
set([34, 3, 36, 37, 39, 41, 45, 48, 17, 50, 51, 20, 53, 22, 55, 56, 58, 54, 60, 31])
set([64, 34, 3, 37, 39, 42, 45, 47, 48, 17, 51, 20, 53, 54, 56, 25, 59, 61, 69, 31])
set([3, 49, 39, 45, 17, 35, 21, 57, 53, 31])
set([3, 36, 49, 39, 40, 41, 45, 59, 17, 50, 35, 21, 22, 55, 57, 58, 54, 60, 53, 31])
set([3, 36, 41, 45, 17, 50, 22, 55, 60, 31])
set([3, 36, 37, 41, 42, 43, 45, 17, 50, 51, 57, 22, 23, 56, 55, 63, 60, 61, 62, 31])
set([66, 3, 36, 69, 39, 41, 44, 45, 47, 17, 50, 53, 22, 55, 25, 58, 63, 60, 61, 31])
set([3, 37, 43, 45, 17, 51, 23, 57, 63, 31])
set([3, 69, 39, 45, 47, 17, 53, 25, 61, 31])
set([3, 49, 70, 39, 40, 71, 45, 47, 48, 17, 53, 54, 69, 72, 25, 26, 63, 61, 62, 31])
set([3, 49, 40, 45, 17, 54, 72, 26, 63, 31])
set([48, 33, 18, 3])
set([33, 34, 3, 35, 50, 48, 49, 18, 19, 51])
set([33, 34, 3, 37, 35, 54, 41, 50, 48, 49, 18, 19, 52, 53, 22, 56, 57, 38, 60, 51])
set([33, 34, 3, 38, 39, 63, 43, 50, 48, 49, 18, 19, 53, 54, 23, 55, 58, 59, 51, 35])
set([33, 34, 3, 66, 35, 39, 40, 45, 50, 48, 49, 18, 19, 56, 54, 55, 24, 60, 61, 51])
set([33, 34, 3, 69, 35, 40, 41, 50, 47, 48, 49, 18, 19, 57, 55, 56, 25, 63, 62, 51])
set([33, 3, 37, 50, 48, 18, 35, 20, 54, 52])
set([33, 3, 37, 38, 40, 57, 43, 50, 48, 18, 35, 20, 53, 54, 23, 52, 58, 60, 55, 63])
set([64, 33, 3, 37, 40, 42, 50, 47, 48, 18, 35, 20, 57, 54, 55, 25, 69, 59, 62, 52])
set([64, 33, 66, 3, 37, 72, 41, 43, 50, 48, 49, 18, 35, 20, 54, 56, 52, 26, 60, 58])
set([33, 3, 36, 39, 48, 18, 51, 21, 54, 57])
set([33, 3, 36, 37, 39, 40, 41, 48, 59, 18, 51, 52, 21, 22, 55, 56, 57, 58, 54, 60])
set([33, 3, 36, 38, 39, 41, 43, 63, 48, 18, 51, 21, 54, 23, 56, 57, 58, 59, 61, 53])
set([33, 3, 36, 69, 65, 39, 40, 57, 43, 47, 48, 18, 51, 21, 54, 55, 25, 58, 61, 62])
set([64, 33, 67, 3, 36, 39, 72, 41, 44, 48, 49, 18, 51, 21, 54, 56, 57, 26, 59, 62])
set([33, 3, 37, 41, 48, 18, 52, 22, 56, 60])
set([33, 3, 37, 38, 41, 42, 43, 48, 18, 52, 53, 22, 23, 56, 57, 58, 60, 61, 62, 63])
set([33, 66, 3, 37, 40, 41, 44, 47, 48, 18, 52, 22, 55, 56, 25, 69, 59, 60, 62, 63])
set([33, 3, 38, 43, 48, 18, 53, 23, 58, 63])
set([64, 33, 65, 3, 66, 38, 39, 43, 44, 45, 48, 18, 53, 54, 23, 24, 58, 59, 60, 63])
set([33, 3, 69, 38, 65, 40, 43, 45, 47, 48, 18, 67, 53, 23, 62, 25, 58, 60, 55, 63])
set([64, 33, 66, 3, 69, 38, 72, 41, 43, 46, 61, 48, 49, 18, 53, 23, 56, 26, 58, 63])
set([33, 66, 3, 39, 45, 48, 18, 54, 24, 60])
set([33, 66, 3, 68, 69, 39, 40, 45, 46, 47, 48, 18, 67, 54, 55, 24, 25, 60, 61, 62])
set([64, 33, 66, 3, 68, 70, 39, 72, 41, 45, 47, 48, 49, 18, 54, 56, 24, 26, 60, 62])
set([33, 3, 69, 40, 47, 48, 18, 55, 25, 62])
set([64, 33, 3, 72, 41, 48, 49, 18, 56, 26])
set([19, 35, 3, 51])
set([3, 51, 35, 36, 37, 19, 20, 53, 54, 52])
set([3, 51, 35, 36, 37, 39, 40, 57, 43, 19, 20, 53, 54, 23, 56, 52, 59, 60, 55, 63])
set([35, 66, 3, 36, 37, 51, 40, 41, 45, 56, 19, 20, 53, 54, 57, 24, 52, 58, 61, 62])
set([64, 35, 3, 36, 37, 51, 41, 42, 47, 59, 19, 20, 53, 54, 57, 25, 58, 63, 69, 52])
set([3, 51, 66, 35, 36, 37, 65, 72, 42, 43, 49, 19, 20, 53, 54, 52, 26, 59, 60, 58])
set([3, 51, 35, 37, 39, 19, 21, 55, 57, 53])
set([35, 66, 3, 37, 51, 39, 40, 42, 45, 56, 19, 21, 55, 24, 57, 58, 63, 60, 61, 53])
set([3, 51, 67, 35, 37, 65, 39, 72, 42, 44, 49, 19, 21, 55, 57, 26, 60, 58, 62, 53])
set([3, 51, 35, 54, 38, 41, 19, 22, 57, 60])
set([3, 51, 35, 54, 38, 39, 41, 42, 43, 19, 57, 22, 23, 55, 58, 59, 60, 61, 62, 63])
set([64, 35, 66, 3, 54, 38, 40, 41, 43, 45, 56, 19, 22, 24, 57, 59, 60, 61, 62, 51])
set([3, 51, 35, 68, 54, 38, 65, 64, 41, 42, 45, 61, 49, 19, 22, 72, 57, 26, 60, 58])
set([3, 51, 35, 39, 43, 19, 23, 55, 59, 63])
set([64, 35, 65, 3, 66, 51, 39, 40, 43, 44, 45, 56, 19, 23, 24, 55, 59, 60, 61, 63])
set([3, 51, 66, 35, 69, 65, 39, 72, 42, 43, 46, 49, 19, 23, 55, 26, 59, 58, 62, 63])
set([35, 66, 3, 51, 40, 45, 56, 19, 24, 61])
set([35, 66, 3, 68, 69, 51, 40, 41, 67, 45, 46, 47, 56, 19, 57, 24, 25, 61, 62, 63])
set([35, 61, 3, 66, 70, 51, 65, 40, 42, 45, 47, 49, 19, 56, 24, 68, 26, 58, 72, 63])
set([35, 3, 69, 51, 41, 47, 19, 57, 25, 63])
set([64, 35, 3, 69, 51, 65, 72, 41, 42, 71, 47, 48, 49, 19, 57, 25, 26, 70, 58, 63])
set([3, 51, 35, 65, 72, 42, 49, 19, 26, 58])
set([3, 20, 37, 54])
set([3, 37, 38, 39, 20, 21, 54, 55, 56, 57])
set([66, 3, 37, 38, 39, 41, 42, 45, 56, 20, 21, 54, 55, 24, 57, 58, 59, 60, 62, 63])
set([64, 65, 3, 37, 38, 39, 42, 43, 47, 57, 20, 21, 54, 55, 56, 25, 59, 60, 61, 69])
set([66, 3, 37, 38, 39, 72, 43, 44, 49, 67, 20, 21, 54, 55, 56, 57, 26, 60, 61, 62])
set([3, 37, 39, 41, 20, 22, 56, 58, 54, 60])
set([64, 66, 3, 37, 39, 41, 42, 44, 47, 59, 20, 22, 56, 25, 58, 54, 60, 61, 69, 63])
set([3, 37, 40, 43, 20, 54, 23, 57, 60, 63])
set([64, 65, 66, 3, 37, 40, 41, 43, 44, 45, 20, 54, 23, 24, 57, 58, 60, 61, 62, 63])
set([64, 65, 3, 37, 40, 42, 43, 45, 47, 67, 20, 57, 54, 23, 25, 69, 59, 60, 62, 63])
set([66, 3, 37, 41, 45, 20, 54, 24, 58, 62])
set([64, 66, 3, 68, 37, 41, 42, 45, 46, 47, 67, 20, 54, 69, 24, 25, 58, 59, 62, 63])
set([64, 3, 37, 42, 47, 20, 54, 25, 59, 69])
set([64, 65, 66, 3, 37, 70, 71, 72, 42, 43, 47, 48, 49, 20, 54, 25, 26, 59, 60, 69])
set([66, 3, 37, 72, 43, 49, 20, 54, 26, 60])
set([57, 3, 21, 39])
set([3, 39, 40, 41, 21, 22, 57, 58, 59, 60])
set([65, 66, 3, 69, 39, 40, 41, 43, 44, 47, 21, 22, 57, 25, 58, 59, 60, 61, 62, 63])
set([64, 3, 68, 39, 40, 41, 44, 45, 49, 67, 21, 22, 72, 57, 26, 59, 60, 58, 62, 63])
set([3, 39, 41, 43, 21, 23, 57, 59, 61, 63])
set([64, 66, 3, 69, 39, 72, 41, 43, 44, 46, 49, 67, 21, 23, 57, 26, 59, 61, 62, 63])
set([66, 3, 39, 42, 45, 21, 24, 57, 60, 63])
set([64, 65, 66, 3, 68, 69, 39, 42, 43, 45, 46, 47, 67, 21, 57, 24, 25, 60, 61, 63])
set([65, 66, 3, 68, 70, 39, 72, 42, 44, 45, 47, 49, 67, 21, 24, 57, 26, 60, 62, 63])
set([65, 3, 69, 39, 43, 47, 21, 57, 25, 61])
set([65, 66, 3, 69, 70, 39, 72, 43, 44, 47, 48, 49, 67, 21, 71, 57, 25, 26, 61, 62])
set([3, 39, 72, 44, 49, 67, 21, 57, 26, 62])
set([41, 3, 60, 22])
set([3, 41, 42, 43, 22, 23, 60, 61, 62, 63])
set([64, 65, 66, 3, 68, 69, 72, 41, 42, 43, 45, 46, 49, 22, 23, 26, 60, 61, 62, 63])
set([64, 66, 3, 41, 43, 45, 22, 24, 60, 62])
set([66, 3, 69, 41, 44, 47, 22, 25, 60, 63])
set([64, 66, 3, 68, 69, 70, 71, 72, 41, 44, 45, 47, 48, 49, 67, 22, 25, 26, 60, 63])
set([64, 3, 68, 72, 41, 45, 49, 22, 26, 60])
set([43, 3, 63, 23])
set([64, 65, 66, 3, 43, 44, 45, 23, 24, 63])
set([65, 3, 69, 43, 45, 47, 67, 23, 25, 63])
set([66, 3, 69, 72, 43, 46, 49, 23, 26, 63])
set([24, 66, 3, 45])
set([66, 3, 68, 69, 45, 46, 47, 67, 24, 25])
set([66, 3, 68, 70, 72, 45, 47, 49, 24, 26])
set([25, 3, 69, 47])
set([3, 69, 70, 71, 72, 47, 48, 49, 25, 26])
set([72, 49, 26, 3])
24
